19900427,82.2286,90.9498,63.5402,82.2286,1685544
19900430,82.2286,90.3268,74.1303,74.1303,945189
19900502,74.1303,77.245,67.2779,67.2779,561204
19900503,65.4091,65.4091,61.0485,62.9173,647890
19900504,62.9173,64.7861,61.0485,64.1632,429570
19900509,64.1632,65.4091,62.2944,63.5402,188778
19900510,62.9173,62.9173,57.3108,57.3108,173368
19900511,56.0649,56.0649,51.7043,51.7043,425717
19900514,49.2125,49.2125,46.7208,46.7208,358938
19900515,45.1634,45.1634,42.0487,42.0487,768607
19900516,42.0487,46.0978,39.2454,45.1634,573405
19900517,45.1634,46.7208,40.8028,43.606,272894
19900518,43.2946,43.2946,42.0487,42.6716,68062
19900521,42.6716,43.2946,41.7372,42.3602,185569
19900522,42.3602,42.9831,41.1143,42.3602,80263
19900523,42.3602,42.3602,38.311,38.311,170800
19900524,39.2454,42.0487,39.2454,40.4913,139979
19900525,40.4913,43.606,39.5569,42.0487,132274
19900528,42.0487,42.0487,39.8684,41.4257,80904
19900529,41.4257,41.4257,38.934,40.4913,110441
19900530,40.4913,40.4913,38.934,40.4913,77052
19900531,40.4913,41.1143,38.934,41.1143,60998
19900601,39.8684,39.8684,37.9996,39.5569,56504
19900604,39.8684,43.2946,39.8684,43.2946,287664
19900605,43.2946,45.1634,39.2454,39.2454,117505
19900606,39.5569,40.4913,39.5569,40.4913,57789
19900607,40.4913,41.7372,40.4913,40.8028,66777
19900608,40.8028,41.1143,39.2454,41.1143,78978
19900611,40.1799,40.1799,37.0651,37.0651,91821
19900612,37.0651,39.2454,36.7537,38.6225,64850
19900613,38.6225,38.6225,37.3766,38.311,68703
19900614,37.3766,37.3766,36.1307,36.7537,62283
19900615,36.7537,37.0651,35.8193,36.7537,21189
19900618,36.7537,37.3766,36.1307,36.7537,21830
19900619,36.7537,37.3766,35.8193,37.3766,16692
19900620,37.3766,37.3766,36.1307,36.7537,61642
19900621,36.7537,37.0651,35.8193,35.8193,34029
19900622,35.8193,35.8193,34.8848,35.8193,45587
19900625,35.8193,37.3766,34.5734,35.8193,27609
19900626,35.8193,36.4422,35.1963,35.1963,37240
19900627,35.1963,35.1963,34.5734,35.1963,38525
19900628,35.1963,35.1963,34.2619,34.2619,32103
19900629,34.2619,34.2619,32.7045,32.7045,37882
19900702,32.7045,33.639,31.4587,31.4587,37240
19900703,31.4587,34.5734,30.5242,34.5734,48798
19900704,34.5734,37.3766,33.639,33.639,96315
19900705,33.639,34.2619,32.3931,32.7045,8346
19900706,32.0816,32.0816,31.1472,31.7701,71914
19900710,31.1472,31.1472,30.8357,31.1472,43019
19900711,31.1472,32.3931,30.8357,32.0816,25041
19900712,32.0816,32.3931,30.8357,31.4587,20545
19900713,31.1472,31.1472,30.8357,31.1472,34673
19900716,31.1472,31.1472,30.2128,30.8357,37882
19900717,30.8357,30.8357,30.3685,30.5242,74484
19900718,30.5242,30.68,29.9013,30.5242,74484
19900719,30.8357,32.3931,30.8357,31.1472,55219
19900720,31.1472,31.7701,30.5242,30.5242,48157
19900723,30.8357,32.0816,30.8357,32.0816,91821
19900724,32.3931,33.3275,32.3931,33.3275,106587
19900725,33.3275,36.4422,32.7045,36.4422,214464
19900726,38.6225,39.8684,38.6225,39.8684,340960
19900727,39.8684,42.0487,36.7537,39.8684,248496
19900730,39.2454,39.2454,36.7537,37.3766,89251
19900731,36.7537,36.7537,34.2619,34.5734,107872
19900801,34.5734,37.0651,34.2619,34.2619,150895
19900802,34.2619,35.1963,31.1472,32.0816,59072
19900803,32.0816,33.016,30.8357,31.7701,102735
19900806,31.7701,31.7701,28.6554,28.6554,97600
19900807,25.8522,25.8522,25.8522,25.8522,91821
19900808,26.4751,28.0325,26.4751,27.4095,132915
19900809,27.4095,27.4095,25.8522,26.1636,41734
19900810,26.1636,26.4751,25.5407,26.4751,73841
19900814,26.4751,26.4751,25.8522,25.8522,23756
19900815,25.8522,26.4751,25.8522,26.1636,17977
19900816,26.4751,27.4095,26.4751,27.098,32746
19900817,26.7866,26.7866,26.4751,26.4751,33388
19900820,25.6964,25.6964,25.5407,25.5407,11557
19900821,25.2292,25.2292,24.9177,24.9177,16692
19900822,23.9833,23.9833,22.426,22.426,10914
19900823,20.2457,20.2457,20.2457,20.2457,23115
19900824,18.2211,18.2211,18.2211,18.2211,30820
19900827,18.6883,19.9342,18.6883,19.9342,28894
19900828,21.803,21.803,21.803,21.803,16051
19900829,22.426,23.3604,22.426,22.426,49439
19900830,21.803,21.803,21.803,21.803,1926
19900831,21.803,23.6719,21.803,23.6719,17336
19900903,24.9177,25.5407,24.9177,25.5407,18939
19900904,24.9177,24.9177,24.2948,24.2948,25362
19900905,24.2948,25.5407,23.9833,24.9177,38525
19900906,23.3604,23.3604,22.7374,23.3604,4173
19900907,23.3604,23.3604,22.7374,23.0489,36599
19900910,23.0489,23.3604,23.0489,23.3604,7061
19900911,23.0489,23.0489,22.426,22.7374,25683
19900912,22.7374,23.0489,21.803,23.0489,23436
19900913,22.426,22.426,22.1145,22.1145,20224
19900914,21.1801,21.1801,20.2457,20.2457,27609
19900917,18.2211,18.2211,18.2211,18.2211,6099
19900918,18.0654,18.0654,16.508,17.1309,13160
19900919,17.1309,17.4424,17.1309,17.4424,10272
19900920,17.1309,17.1309,15.8851,15.8851,8025
19900921,15.2621,15.2621,15.2621,15.2621,13160
19900924,15.2621,15.2621,15.2621,15.2621,9308
19900926,15.2621,15.2621,14.0162,14.0162,23115
19900927,14.0162,14.0162,13.0818,13.0818,34029
19900928,13.0818,13.0818,13.0818,13.0818,11557
19901001,13.2376,13.7048,13.2376,13.7048,8987
19901002,14.0162,15.0285,14.0162,15.0285,26644
19901003,15.0285,16.508,15.0285,16.508,20545
19901004,15.5736,15.5736,14.9506,14.9506,18298
19901005,14.9506,14.9506,14.9506,14.9506,4493
19901008,14.9506,14.9506,14.9506,14.9506,320
19901009,15.5736,16.4301,15.5736,16.4301,15410
19901010,15.9629,15.9629,15.1842,15.9629,26644
19901011,15.9629,16.2744,15.1842,16.1187,22792
19901012,16.1187,16.2744,15.9629,16.1187,16051
19901015,17.0531,17.676,17.0531,17.0531,5778
19901016,15.6515,15.6515,15.6515,15.6515,1926
19901017,15.6515,16.2744,15.6515,16.2744,2246
19901018,16.2744,16.2744,15.6515,15.6515,12519
19901019,15.6515,15.9629,15.6515,15.6515,18298
19901022,16.2744,16.8973,16.2744,16.8973,2888
19901024,16.8973,16.8973,16.4301,16.4301,73841
19901025,16.4301,16.5859,16.1187,16.1187,4814
19901026,15.8072,15.8072,15.4957,15.4957,8987
19901029,16.3523,16.3523,16.3523,16.3523,1282
19901031,15.5736,15.5736,14.9506,14.9506,4493
19901101,14.4834,14.4834,14.0941,14.0941,13484
19901102,14.0941,14.3277,14.0941,14.3277,3852
19901105,14.6392,14.6392,14.6392,14.6392,1282
19901106,14.6392,14.9506,14.6392,14.6392,4493
19901109,14.6392,14.6392,14.6392,14.6392,3208
19901113,14.3277,14.3277,14.0162,14.0162,13484
19901114,13.7048,13.7048,13.7048,13.7048,1926
19901115,13.7048,13.7048,13.7048,13.7048,9631
19901116,13.7048,14.0162,13.3933,14.0162,1926
19901119,14.0162,14.3277,14.0162,14.3277,7705
19901120,14.6392,14.6392,14.6392,14.6392,1282
19901122,14.0162,14.0162,13.7048,14.0162,2567
19901123,14.3277,14.3277,14.3277,14.3277,320
19901127,13.0818,13.0818,13.0818,13.0818,1603
19901203,13.3933,14.3277,13.3933,14.3277,1926
19901206,14.3277,14.3277,14.3277,14.3277,6420
19901211,14.3277,14.3277,12.9261,12.9261,4493
19901212,12.9261,13.0818,12.7703,12.7703,33388
19901213,12.7703,13.0818,12.4589,13.0818,11878
19901214,13.3933,13.3933,13.3933,13.3933,641
19901217,13.3933,13.7048,13.3933,13.3933,6099
19901218,13.3933,13.3933,12.4589,12.7703,1926
19901225,14.0162,14.0162,14.0162,14.0162,320
19901226,12.6146,12.6146,12.6146,12.6146,3208
19901227,12.4589,12.4589,12.4589,12.4589,31461
19901228,12.4589,12.4589,11.8359,12.1474,35314
19910102,12.1474,12.4589,12.1474,12.4589,1282
19910104,13.7048,13.7048,13.7048,13.7048,641
19910109,14.0162,14.0162,14.0162,14.0162,641
19910114,14.0162,14.0162,14.0162,14.0162,320
19910117,14.172,15.4179,14.172,15.4179,66777
19910118,15.4179,15.8851,14.3277,14.3277,56183
19910122,13.3933,13.3933,13.0818,13.0818,1926
19910123,12.4589,12.4589,12.4589,12.4589,961
19910124,12.4589,12.4589,11.213,12.1474,14766
19910125,12.1474,12.6146,11.9917,12.6146,18619
19910128,12.4589,12.4589,12.4589,12.4589,320
19910129,12.4589,12.4589,12.1474,12.1474,8346
19910130,12.4589,13.0818,12.4589,13.0818,4814
19910201,12.7703,12.7703,12.4589,12.4589,8346
19910204,12.4589,13.0818,12.4589,13.0818,5778
19910205,13.3933,14.3277,13.3933,14.3277,54578
19910206,14.3277,14.9506,14.3277,14.6392,83472
19910207,14.9506,16.0408,14.9506,16.0408,75446
19910208,16.0408,16.3523,15.7293,15.8851,46551
19910212,15.8851,16.1965,15.5736,15.5736,8346
19910213,14.9506,14.9506,14.9506,14.9506,3852
19910214,14.9506,15.2621,14.6392,14.6392,21189
19910215,14.6392,15.2621,14.3277,15.2621,4493
19910218,15.2621,15.5736,15.2621,15.5736,8667
19910219,15.5736,16.1965,15.5736,15.8851,2246
19910220,15.8851,16.1965,15.5736,15.5736,33708
19910221,15.5736,15.8851,14.6392,14.6392,34673
19910222,14.9506,15.2621,14.9506,15.2621,10593
19910225,13.7826,13.7826,13.7826,13.7826,3529
19910226,14.9506,15.1064,14.9506,14.9506,1282
19910227,16.1965,16.1965,16.1965,16.1965,641
19910301,16.1965,16.1965,16.1965,16.1965,641
19910304,15.7293,15.7293,15.7293,15.7293,1282
19910306,15.5736,15.5736,15.2621,15.2621,4493
19910307,15.2621,15.5736,14.9506,15.2621,52009
19910308,15.2621,15.5736,14.9506,14.9506,34993
19910311,14.9506,15.2621,14.9506,15.2621,20545
19910312,15.5736,16.7416,15.5736,16.7416,58751
19910313,17.0531,18.299,17.0531,18.299,79299
19910314,20.0121,20.0121,20.0121,20.0121,113332
19910315,21.8809,21.8809,21.8809,21.8809,218958
19910318,21.8809,22.5038,21.8809,22.5038,139015
19910319,22.5038,22.5038,21.8809,21.8809,9631
19910320,21.4137,21.4137,19.7006,19.7006,40452
19910321,19.7006,20.1678,19.7006,19.7006,37240
19910322,19.5449,19.5449,19.2334,19.2334,2246
19910325,18.7662,18.7662,18.1432,18.1432,25362
19910326,18.1432,18.7662,17.8318,18.299,11878
19910327,18.7662,19.3891,18.7662,19.3891,26324
19910328,19.5449,21.2579,19.5449,21.2579,93747
19910329,21.2579,21.4137,20.9465,20.9465,33067
19910401,20.7907,20.7907,20.7907,20.7907,3208
19910402,20.4793,20.4793,20.3235,20.4793,16051
19910403,20.1678,20.1678,19.3891,20.0121,17977
19910404,19.8563,19.8563,18.4547,18.4547,21830
19910405,18.1432,18.1432,17.8318,17.8318,26644
19910409,17.8318,18.4547,17.2088,17.2088,82189
19910410,17.2088,17.2088,15.9629,16.1187,206115
19910411,16.1187,16.1187,15.4957,16.1187,268401
19910415,16.1187,17.676,15.9629,17.676,127457
19910416,17.676,19.3891,17.0531,18.1432,192954
19910417,18.1432,18.7662,17.676,17.676,56183
19910418,17.676,17.9875,17.676,17.676,21830
19910419,17.3646,17.3646,17.3646,17.3646,3208
19910422,17.3646,17.676,17.0531,17.676,44945
19910423,17.9875,17.9875,17.9875,17.9875,3208
19910426,17.676,17.676,16.5859,16.5859,9631
19910429,16.5859,16.8973,16.1187,16.7416,13160
19910430,16.7416,17.676,16.1187,17.2088,69026
19910502,16.8973,16.8973,16.4301,16.4301,12840
19910503,16.4301,16.4301,15.34,15.4957,33708
19910507,15.2621,15.2621,14.9506,14.9506,42378
19910508,14.9506,14.9506,14.7949,14.7949,24718
19910513,14.6392,14.6392,14.6392,14.6392,6420
19910514,14.0162,14.0162,14.0162,14.0162,12519
19910515,14.0162,14.0162,13.7048,13.7048,29856
19910517,14.6392,14.6392,14.6392,14.6392,641
19910522,13.7048,13.7048,13.7048,13.7048,4173
19910523,13.3933,13.3933,13.3933,13.3933,2888
19910524,13.3933,13.3933,12.7703,12.7703,26644
19910527,12.7703,12.7703,12.4589,12.7703,19262
19910529,12.7703,13.3933,12.381,12.4589,14766
19910530,12.6146,13.0818,12.6146,12.6146,20224
19910531,12.6146,12.7703,12.6146,12.7703,13160
19910603,12.9261,13.3933,12.9261,12.9261,7382
19910604,13.0818,13.3933,13.0818,13.3933,2567
19910605,13.0818,13.0818,13.0039,13.0818,5455
19910606,12.9261,12.9261,12.7703,12.9261,9631
19910607,12.7703,12.7703,12.7703,12.7703,4814
19910610,13.3933,13.3933,13.3933,13.3933,641
19910611,13.2376,13.2376,12.1474,13.2376,1282
19910612,12.4589,12.4589,12.4589,12.4589,3529
19910613,12.6146,13.0818,12.6146,12.7703,37882
19910614,12.7703,13.2376,12.4589,12.7703,28571
19910617,12.7703,12.7703,12.4589,12.7703,9308
19910618,12.7703,12.7703,12.4589,12.4589,8346
19910619,12.4589,13.0818,12.1474,12.7703,30176
19910620,12.4589,12.4589,12.4589,12.4589,46230
19910621,12.4589,13.0818,12.4589,12.7703,49762
19910624,12.6146,12.6146,12.6146,12.6146,961
19910625,12.6146,12.7703,12.4589,12.7703,59072
19910626,12.7703,13.0818,12.4589,12.7703,32423
19910627,12.6146,12.6146,12.5367,12.6146,2567
19910628,12.6146,12.7703,12.5367,12.6146,24398
19910702,12.6146,12.6146,12.4589,12.6146,19583
19910703,12.4589,12.4589,11.3687,12.4589,55863
19910705,12.1474,12.1474,11.5245,12.1474,1603
19910708,12.1474,12.1474,12.1474,12.1474,4493
19910709,11.5245,11.5245,11.5245,11.5245,6420
19910710,11.8359,11.8359,11.0573,11.0573,18298
19910711,10.2786,10.2786,10.2786,10.2786,12840
19910712,10.1228,10.1228,9.8114,9.8114,48798
19910715,9.3442,9.6556,9.3442,9.6556,10914
19910717,9.3442,9.3442,8.8769,8.8769,7705
19910718,8.1761,8.7212,8.1761,8.7212,8987
19910719,8.7212,8.7212,8.7212,8.7212,7382
19910722,9.1884,9.5778,9.1884,9.3442,17336
19910725,9.0327,10.2786,9.0327,10.2786,26968
19910726,10.9015,11.0573,10.7458,11.0573,25041
19910730,11.0573,12.1474,10.9015,12.1474,77693
19910731,12.1474,12.4589,12.1474,12.4589,59395
19910801,12.1474,12.1474,11.6023,12.1474,37882
19910802,12.1474,12.2253,11.7581,12.2253,50724
19910805,12.4589,12.6146,12.3031,12.3031,26003
19910807,11.9138,11.9138,11.9138,11.9138,1603
19910808,11.213,11.213,11.213,11.213,2246
19910813,10.2786,12.1474,10.2786,12.1474,3529
19910814,11.213,11.3687,11.213,11.3687,6420
19910815,12.0695,12.0695,12.0695,12.0695,1282
19910816,11.3687,11.3687,11.3687,11.3687,2888
19910819,11.213,11.213,10.3564,10.3564,19262
19910820,9.4999,9.4999,9.3442,9.3442,14125
19910821,10.1228,10.1228,9.6556,9.8114,4814
19910822,10.7458,10.7458,10.2786,10.6679,19583
19910823,11.3687,11.3687,10.9015,10.9015,641
19910826,10.1228,10.1228,10.1228,10.1228,3208
19910828,10.2786,10.59,10.2007,10.59,5778
19910829,10.59,10.59,10.2786,10.2786,12840
19910830,11.213,11.213,10.4343,10.4343,12840
19910902,10.4343,10.4343,10.4343,10.4343,2567
19910903,11.0573,11.0573,10.59,10.59,23756
19910904,10.9015,10.9015,10.59,10.7458,8346
19910905,10.9015,11.213,10.2786,10.8236,43660
19910906,11.213,11.213,10.9015,10.9015,35955
19910909,10.59,10.7458,10.59,10.6679,10593
19910910,10.59,10.59,10.59,10.59,9631
19910911,10.9015,10.9015,10.5122,10.5122,9631
19910912,10.4343,10.4343,10.4343,10.4343,3852
19910913,10.2007,10.2786,10.2007,10.2007,15730
19910916,9.9671,9.9671,9.9671,9.9671,320
19910917,10.59,10.9015,10.1228,10.7458,5778
19910918,11.5245,11.5245,10.7458,11.3687,35635
19910919,11.6802,11.6802,10.59,10.59,13160
19910920,11.3687,11.6023,11.1351,11.6023,150895
19910923,12.1474,12.1474,11.6023,11.9917,94068
19910924,11.213,11.4466,10.9015,11.0573,93103
19910925,11.3687,11.3687,11.0573,11.213,23756
19910926,11.213,11.2909,11.0573,11.0573,17336
19910927,10.9015,10.9015,10.8236,10.8236,9631
19910930,10.2786,10.2786,10.2786,10.2786,17977
19911001,10.59,10.59,10.59,10.59,8025
19911002,11.6023,11.6023,10.4343,10.4343,10593
19911003,10.2007,10.3564,9.7335,10.2786,6099
19911004,10.045,10.6679,9.9671,10.6679,28250
19911007,10.2786,10.2786,9.9671,9.9671,8346
19911008,9.9671,10.59,9.9671,10.59,4493
19911009,10.59,10.59,9.9671,10.045,10272
19911010,10.5122,10.5122,10.045,10.3564,5455
19911011,10.1228,10.1228,9.9671,10.045,13804
19911018,9.3442,9.3442,9.3442,9.3442,1282
19911021,10.2007,10.2007,9.422,9.422,3529
19911022,9.1105,9.1105,9.1105,9.1105,320
19911024,9.7335,9.7335,9.7335,9.7335,320
19911025,9.9671,9.9671,9.8892,9.8892,2246
19911028,9.9671,9.9671,9.8892,9.8892,3529
19911030,9.9671,10.045,9.9671,9.9671,23756
19911031,9.9671,10.1228,9.9671,10.1228,9308
19911101,9.9671,10.2786,9.9671,10.2786,10272
19911105,10.045,10.6679,9.9671,10.6679,8667
19911106,10.9015,11.0573,10.2786,11.0573,73520
19911107,11.8359,12.1474,11.5245,12.1474,175938
19911108,12.7703,13.2376,12.4589,12.4589,127777
19911111,12.4589,12.4589,11.8359,11.9917,101773
19911112,11.9917,11.9917,11.5245,11.6802,52009
19911114,12.1474,12.7703,11.5245,11.9917,84436
19911115,12.4589,12.4589,11.9917,11.9917,10272
19911118,11.5245,11.5245,11.5245,11.5245,9631
19911119,11.9917,12.3031,11.5245,11.9138,40131
19911120,11.8359,13.0818,11.8359,12.7703,139979
19911121,13.0818,13.8605,13.0818,13.0818,288629
19911122,13.0818,13.0818,12.4589,12.6146,93424
19911125,12.4589,12.7703,12.1474,12.7703,25683
19911126,12.7703,12.9261,12.4589,12.4589,13484
19911127,12.1474,12.7703,12.1474,12.4589,78337
19911128,12.8482,13.1597,12.4589,12.6925,144152
19911129,12.5367,13.0039,12.4589,12.4589,124248
19911202,12.7703,12.7703,12.1474,12.1474,65815
19911203,11.9917,12.0695,11.5245,11.6023,62924
19911204,11.9138,12.1474,11.8359,11.8359,72558
19911206,12.1474,12.3031,12.1474,12.3031,55541
19911209,12.6146,12.6146,12.381,12.5367,14445
19911211,12.3031,12.3031,12.0695,12.1474,16372
19911212,12.1474,12.1474,11.9917,11.9917,9631
19911213,11.8359,11.9917,11.8359,11.9138,34350
19911216,12.1474,12.1474,11.6802,11.6802,44625
19911217,11.8359,11.8359,11.8359,11.8359,20545
19911218,11.9917,11.9917,11.8359,11.9917,22792
19911219,12.1474,12.1474,11.8359,11.8359,14766
19911220,11.9917,11.9917,11.6023,11.8359,7382
19911224,12.1474,12.1474,11.5245,11.8359,14125
19911225,11.9138,11.9138,11.5245,11.5245,641
19911226,12.0695,12.0695,11.6023,11.8359,29214
19911227,11.6802,11.6802,11.6802,11.6802,8025
19911230,11.8359,12.3031,11.8359,12.3031,63888
19920103,11.6802,12.3031,11.6802,12.3031,3529
19920106,12.1474,12.1474,11.9917,12.0695,49439
19920107,12.1474,12.1474,11.9138,11.9917,16692
19920109,11.6802,12.0695,11.6802,12.0695,1926
19920110,11.9138,11.9138,11.7581,11.7581,14766
19920113,10.9015,11.8359,10.9015,11.8359,2246
19920114,11.6802,11.6802,11.5245,11.5245,5778
19920115,11.6802,12.4589,11.6802,12.1474,28250
19920116,11.9138,12.1474,11.8359,12.1474,20224
19920117,11.8359,11.8359,11.8359,11.8359,43019
19920120,11.8359,11.8359,11.6802,11.6802,4493
19920121,11.6023,11.6023,11.5245,11.5245,20866
19920122,11.4466,11.5245,11.4466,11.5245,35955
19920123,11.5245,11.8359,11.5245,11.8359,51366
19920124,12.3031,12.3031,11.3687,11.3687,45266
19920127,12.1474,12.1474,11.8359,11.8359,72235
19920128,11.8359,11.8359,11.7581,11.8359,9631
19920129,11.5245,11.9138,11.5245,11.9138,24077
19920130,11.2909,11.9917,11.2909,11.9917,52651
19920131,11.6802,11.6802,11.6802,11.6802,1603
19920203,11.5245,11.5245,11.5245,11.5245,6420
19920204,10.9015,11.8359,10.9015,11.8359,1282
19920205,11.4466,11.5245,11.4466,11.5245,15410
19920206,11.5245,11.5245,11.5245,11.5245,961
19920207,11.5245,11.5245,11.2909,11.2909,10272
19920210,11.213,11.213,11.213,11.213,11878
19920212,10.7458,10.9794,10.7458,10.9794,1926
19920213,10.9015,11.5245,10.8236,11.0573,21509
19920214,10.9015,11.5245,10.9015,11.213,43340
19920217,11.213,11.213,10.9015,11.213,10593
19920219,10.7458,10.7458,10.7458,10.7458,479
19920220,10.8236,10.8236,10.7458,10.7458,5135
19920221,10.7458,10.7458,10.6679,10.6679,4173
19920224,10.6679,10.6679,10.6679,10.6679,3208
19920225,10.1228,10.6679,10.1228,10.6679,13160
19920226,10.59,10.59,10.59,10.59,4173
19920227,10.9015,10.9015,10.6679,10.9015,12199
19920228,11.3687,11.4466,10.9794,11.4466,6740
19920302,11.0573,11.0573,11.0573,11.0573,1603
19920303,10.9015,11.2909,10.9015,11.2909,4173
19920304,11.1351,11.213,10.5122,11.213,20545
19920305,11.213,11.213,11.1351,11.213,8667
19920306,11.213,11.213,10.9015,10.9015,28571
19920309,11.5245,11.5245,11.213,11.213,17336
19920310,10.9794,10.9794,10.9794,10.9794,6420
19920311,11.213,11.213,11.213,11.213,6099
19920312,11.2909,11.4466,11.2909,11.4466,12199
19920313,11.4466,11.4466,11.4466,11.4466,1603
19920316,11.4466,11.6023,11.4466,11.5245,23436
19920317,11.5245,12.6146,11.2909,12.0695,102414
19920318,11.9917,12.1474,11.8359,12.0695,87004
19920319,12.1474,12.4589,12.1474,12.381,142226
19920320,12.381,13.3933,12.381,13.1597,237580
19920323,13.3933,13.8605,12.381,12.9261,154425
19920324,13.2376,13.2376,12.4589,12.6925,58751
19920325,12.4589,12.9261,12.4589,12.9261,69026
19920326,12.9261,12.9261,12.1474,12.1474,22151
19920327,12.2253,12.4589,12.1474,12.4589,3852
19920330,12.2253,12.6146,12.2253,12.6146,33067
19920331,12.3031,12.5367,12.3031,12.4589,53293
19920401,12.3031,12.3031,12.1474,12.1474,24077
19920402,12.1474,12.2253,12.1474,12.2253,6420
19920403,12.6146,12.6146,12.6146,12.6146,641
19920407,12.6146,12.6146,12.3031,12.3031,16692
19920408,12.3031,12.3031,12.3031,12.3031,3208
19920409,12.6146,13.4712,12.4589,13.4712,232122
19920410,14.7949,14.7949,14.7949,14.7949,53615
19920415,16.1965,16.1965,16.1965,16.1965,40452
19920608,18.6883,21.1801,18.6883,18.844,984677
19920609,18.844,18.844,16.9752,17.1309,11216103
19920610,17.1309,18.3768,17.1309,17.5982,336787
19920611,19.3113,19.3113,18.3768,19.3113,618031
19920612,19.3113,19.467,18.6883,19.467,218637
19920615,19.3113,21.3358,19.3113,21.3358,648852
19920616,22.7374,23.3604,22.5817,23.3604,424435
19920617,25.6964,25.6964,24.9177,25.6964,1206206
19920618,26.1636,28.0325,25.8522,28.0325,1081958
19920619,28.3439,29.7456,28.3439,28.9669,1455347
19920622,29.5898,31.7701,28.9669,31.7701,2116722
19920623,32.7045,34.2619,32.0816,33.9504,2248356
19920624,33.9504,33.9504,31.7701,32.0816,614499
19920625,32.3931,35.1963,32.0816,35.1963,793649
19920626,36.1307,38.311,35.8193,36.7537,1234460
19920629,37.9996,38.6225,33.639,36.1307,1080352
19920630,36.1307,36.1307,33.639,33.9504,409666
19920702,33.016,36.7537,33.016,36.1307,904734
19920703,36.1307,37.9996,35.8193,37.0651,1667565
19920706,37.3766,39.8684,37.0651,39.5569,2217214
19920707,40.1799,41.7372,39.2454,39.8684,2124107
19920708,39.2454,39.8684,36.7537,37.6881,1255008
19920709,38.6225,39.8684,38.311,39.2454,1406546
19920710,39.2454,39.5569,36.7537,37.0651,976010
19920713,37.0651,37.9996,34.5734,34.5734,548683
19920714,34.8848,35.8193,33.3275,35.1963,586408
19920716,35.8193,37.6881,35.5078,35.8193,813556
19920717,35.8193,36.7537,34.2619,34.5734,453009
19920720,35.1963,35.8193,34.2619,34.5734,445303
19920721,34.5734,35.1963,34.2619,34.5734,144473
19920722,34.5734,37.0651,34.5734,36.1307,889644
19920723,37.0651,38.311,35.8193,36.1307,2412737
19920724,36.1307,37.3766,35.1963,35.5078,723658
19920727,35.5078,35.5078,34.5734,34.8848,393935
19920728,34.8848,35.5078,34.5734,34.5734,179467
19920729,34.8848,35.8193,34.5734,34.5734,604226
19920730,35.5078,35.5078,34.5734,34.5734,341281
19920731,34.8848,34.8848,34.2619,34.5734,359902
19920803,35.1963,36.4422,34.5734,35.5078,1010364
19920804,36.4422,37.3766,35.1963,35.8193,1675911
19920805,36.1307,36.1307,34.5734,34.8848,420582
19920806,34.8848,35.1963,34.5734,34.8848,216069
19920807,35.1963,35.8193,34.8848,34.8848,437598
19920810,35.5078,36.4422,35.1963,35.1963,556388
19920811,35.8193,35.8193,34.8848,35.1963,240148
19920813,36.7537,38.6225,35.5078,38.6225,3093698
19920814,40.1799,42.3602,40.1799,41.4257,5553951
19920817,42.3602,43.2946,40.4913,41.7372,3013434
19920818,42.3602,44.8519,42.3602,43.9175,3168183
19920819,43.9175,44.8519,43.2946,44.229,1722466
19920820,44.8519,45.7864,43.2946,43.606,1854741
19920821,43.2946,44.8519,42.9831,44.229,661374
19920824,43.9175,44.229,43.606,43.9175,389761
19920825,43.606,44.229,42.6716,43.2946,397467
19920826,43.2946,43.606,41.4257,42.9831,199374
19920827,42.6716,42.9831,41.7372,41.7372,93747
19920828,41.7372,41.7372,39.2454,40.1799,221848
19920831,38.6225,42.0487,38.311,39.8684,175294
19920901,38.311,40.8028,38.311,39.8684,93747
19920902,38.6225,39.8684,38.6225,39.8684,67420
19920903,39.8684,39.8684,38.934,38.934,55863
19920904,38.934,38.934,38.6225,38.934,109157
19920907,38.934,38.934,36.7537,36.7537,76087
19920908,38.311,39.2454,38.311,39.2454,131630
19920909,39.8684,41.1143,39.8684,40.1799,285738
19920910,39.8684,39.8684,38.6225,39.8684,32423
19920911,39.8684,39.8684,39.2454,39.8684,9952
19920914,39.8684,39.8684,39.2454,39.2454,53293
19920915,39.5569,39.5569,38.934,38.934,6740
19920916,38.6225,38.934,38.6225,38.934,8346
19920917,39.2454,39.2454,37.9996,38.311,55219
19920918,38.311,38.6225,37.9996,38.311,53615
19920921,38.311,38.311,37.3766,37.3766,160527
19920922,37.9996,39.2454,37.6881,37.6881,98241
19920923,37.6881,38.311,37.6881,37.9996,19583
19920924,38.311,38.311,37.3766,37.6881,77373
19920925,37.6881,40.4913,37.6881,40.4913,428608
19920928,41.7372,42.0487,40.4913,40.8028,296334
19920929,40.1799,40.4913,39.8684,40.1799,66135
19920930,39.8684,40.1799,38.934,38.934,20224
19921001,39.5569,39.5569,38.311,38.311,27288
19921002,38.6225,39.5569,38.311,38.934,31461
19921005,39.2454,39.8684,38.6225,39.5569,26968
19921006,38.934,38.934,38.311,38.6225,96635
19921007,38.934,40.4913,38.6225,38.6225,63247
19921008,39.2454,39.2454,38.934,39.2454,15410
19921009,39.2454,39.5569,38.934,39.2454,107872
19921012,39.2454,39.2454,38.6225,38.6225,25041
19921013,37.9996,40.1799,37.9996,39.2454,173689
19921014,40.4913,40.8028,38.6225,38.6225,282850
19921015,42.2968,42.2968,42.0831,42.2968,191226
19921016,42.2968,44.8602,42.2968,42.724,293043
19921019,42.2968,42.2968,40.8014,41.2287,63897
19921020,41.4423,42.2968,41.015,41.8695,19426
19921021,41.6559,41.6559,40.5878,40.8014,16851
19921022,41.015,41.4423,40.1606,40.1606,21533
19921026,41.8695,41.8695,40.1606,40.1606,20128
19921027,40.5878,40.5878,39.7333,39.7333,3042
19921028,40.1606,40.5878,39.3061,39.7333,20596
19921029,39.3061,39.9469,39.3061,39.3061,27619
19921030,39.3061,39.3061,38.4516,38.4516,29725
19921102,38.4516,38.4516,38.4516,38.4516,18490
19921103,37.5971,37.5971,37.5971,37.5971,13107
19921104,38.4516,38.4516,38.0244,38.0244,3276
19921105,35.8882,38.0244,35.8882,38.0244,6553
19921106,36.3154,36.3154,36.3154,36.3154,1170
19921109,36.3154,36.7426,35.8882,35.8882,24576
19921110,35.8882,36.3154,35.4609,35.8882,38853
19921111,35.4609,36.3154,35.4609,36.1018,32065
19921112,35.8882,35.8882,35.4609,35.8882,14043
19921113,32.4702,38.8788,32.4702,36.3154,17553
19921117,36.1018,36.3154,35.8882,35.8882,3042
19921118,34.1792,35.8882,32.8975,35.8882,4212
19921120,33.752,35.2473,33.752,35.2473,1170
19921123,34.1792,34.1792,34.1792,34.1792,701
19921125,31.6158,33.3247,31.1885,33.3247,3744
19921126,30.334,32.4702,30.334,32.4702,3042
19921127,30.7613,31.1885,30.7613,31.1885,3978
19921130,29.0523,29.0523,29.0523,29.0523,1638
19921202,29.4796,31.8294,29.4796,31.6158,9127
19921203,32.043,32.4702,31.6158,32.4702,28554
19921204,31.6158,31.6158,31.6158,31.6158,3042
19921208,31.6158,32.043,31.6158,31.6158,3744
19921209,31.8294,31.8294,31.8294,31.8294,467
19921216,31.8294,32.043,31.8294,32.043,935
19921217,32.043,33.1111,32.043,32.8975,9362
19921218,32.043,33.1111,32.043,32.8975,11468
19921223,32.8975,32.8975,32.8975,32.8975,23405
19921224,31.1885,32.8975,31.1885,32.8975,16383
19921225,31.1885,32.4702,31.1885,32.4702,12638
19921228,32.8975,32.8975,32.8975,32.8975,4681
19921229,32.8975,32.8975,32.6839,32.6839,11234
19921230,33.752,35.8882,33.752,35.8882,2340
19930104,32.8975,32.8975,32.8975,32.8975,467
19930105,32.8975,32.8975,32.8975,32.8975,467
19930108,32.8975,32.8975,32.8975,32.8975,1170
19930113,31.4021,31.4021,29.9068,29.9068,7021
19930114,29.9068,31.4021,27.1297,31.4021,3978
19930115,28.6251,28.6251,28.6251,28.6251,233
19930118,29.6932,29.6932,29.0523,29.2659,2340
19930119,29.2659,32.043,29.2659,32.043,42364
19930120,32.043,32.043,29.0523,30.5477,86835
19930121,29.9068,30.334,29.0523,29.6932,273850
19930122,29.9068,29.9068,29.6932,29.9068,16468
19930125,29.9068,29.9068,29.9068,29.9068,14745
19930126,29.6932,30.7613,29.6932,29.9068,31141
19930127,29.9068,30.9749,29.9068,30.334,31520
19930128,30.1204,30.1204,29.9068,29.9068,15447
19930129,29.9068,30.334,29.9068,30.334,25044
19930201,29.9068,29.9068,29.9068,29.9068,20363
19930202,29.4796,29.9068,29.4796,29.6932,16383
19930203,29.6932,29.6932,29.0523,29.4796,35028
19930204,29.4796,29.4796,27.7706,28.6251,20363
19930205,28.1978,29.4796,28.1978,29.4796,15133
19930208,27.7706,27.7706,27.7706,27.7706,2808
19930209,27.7706,27.7706,26.4889,26.4889,9596
19930210,26.4889,26.4889,26.4889,26.4889,935
19930211,24.5663,25.6344,24.5663,25.4208,3276
19930212,25.6344,25.6344,25.4208,25.4208,10920
19930215,24.3527,25.6344,24.3527,25.6344,10766
19930216,24.3527,24.3527,23.9254,23.9254,2106
19930217,23.071,23.4982,22.8573,23.4982,12638
19930218,22.8573,22.8573,22.8573,22.8573,467
19930219,22.6437,23.4982,20.9348,21.1484,28554
19930222,21.362,21.362,20.7211,21.362,27852
19930223,21.362,21.5756,21.362,21.5756,6787
19930224,21.5756,22.8573,20.9348,20.9348,26916
19930225,21.5756,22.8573,21.5756,22.8573,12482
19930226,23.9254,24.9935,23.9254,24.9935,10297
19930301,24.9935,27.3434,24.9935,27.3434,33470
19930302,26.4889,29.0523,26.2753,27.557,39319
19930303,26.4889,26.7025,25.6344,25.6344,21766
19930305,23.9254,23.9254,23.7118,23.7118,3042
19930309,23.9254,23.9254,23.9254,23.9254,4446
19930310,23.9254,24.7799,23.9254,24.7799,15447
19930311,23.2846,23.4982,23.2846,23.4982,8191
19930312,23.9254,25.6344,23.9254,25.2072,7957
19930316,24.7799,24.7799,24.7799,24.7799,545
19930317,25.2072,27.1297,25.2072,27.1297,64439
19930318,27.557,28.4115,27.3434,27.3434,44550
19930319,27.7706,28.1978,27.7706,28.1978,28082
19930322,27.9842,30.1204,27.9842,29.0523,52508
19930323,29.0523,29.4796,28.1978,28.8387,18490
19930324,27.9842,27.9842,27.7706,27.7706,18256
19930325,26.9161,27.1297,26.7025,26.7025,16538
19930326,26.7025,26.7025,26.7025,26.7025,4681
19930329,26.9161,26.9161,25.848,25.848,38853
19930330,26.4889,26.9161,26.2753,26.4889,42051
19930331,27.3434,29.0523,27.3434,29.0523,66393
19930401,29.6932,30.7613,29.0523,30.334,103453
19930402,30.1204,30.334,29.9068,30.1204,49386
19930405,29.0523,29.0523,29.0523,29.0523,2106
19930407,28.6251,28.6251,28.6251,28.6251,467
19930416,29.6932,29.6932,29.6932,29.6932,3042
19930419,29.4796,29.6932,29.4796,29.4796,5148
19930420,28.4115,28.6251,28.4115,28.6251,1871
19930421,28.1978,28.1978,27.9842,27.9842,14043
19930422,27.7706,27.7706,25.6344,26.2753,18724
19930423,26.2753,26.4889,26.0616,26.2753,8425
19930426,26.4889,26.4889,25.2072,25.2072,6787
19930427,26.0616,26.0616,24.1391,24.3527,8659
19930428,25.6344,25.848,25.2072,25.2072,16618
19930429,27.1297,27.1297,25.6344,26.4889,40726
19930430,26.7025,27.7706,26.4889,26.4889,30193
19930504,26.4889,27.1297,25.6344,27.1297,20596
19930506,27.3434,29.0523,27.1297,29.0523,36746
19930507,29.4796,31.1885,29.4796,31.1885,84727
19930510,29.0523,29.0523,29.0523,29.0523,2574
19930511,27.3434,27.3434,27.3434,27.3434,1170
19930512,29.0523,29.2659,29.0523,29.2659,5148
19930513,29.0523,29.2659,29.0523,29.2659,9439
19930514,29.2659,30.334,28.6251,28.6251,11857
19930517,27.7706,29.0523,26.0616,29.0523,1170
19930519,28.1978,28.1978,27.3434,27.3434,1403
19930521,26.9161,26.9161,26.9161,26.9161,2340
19930524,25.6344,26.0616,25.6344,26.0616,935
19930525,25.848,26.4889,25.6344,26.4889,8894
19930526,26.0616,26.0616,26.0616,26.0616,6319
19930527,26.0616,26.0616,26.0616,26.0616,470
19930531,26.0616,26.0616,26.0616,26.0616,2340
19930602,24.7799,24.7799,24.7799,24.7799,935
19930607,25.2072,25.2072,25.2072,25.2072,467
19930608,24.3527,24.3527,23.9254,23.9254,14511
19930609,24.9935,25.2072,24.7799,24.7799,1970
19930610,24.3527,24.3527,23.9254,24.3527,6319
19930611,24.7799,24.7799,24.3527,24.3527,11000
19930614,24.3527,24.7799,23.9254,23.9254,7957
19930615,23.9254,24.7799,23.9254,24.7799,6412
19930616,24.3527,25.4208,23.9254,25.4208,20831
19930617,24.7799,25.6344,23.4982,25.6344,32065
19930618,25.2072,25.2072,24.1391,25.2072,8894
19930621,24.7799,26.9161,24.3527,26.9161,49620
19930622,27.7706,27.7706,26.0616,26.9161,22937
19930624,26.0616,27.1297,25.6344,27.1297,12170
19930625,25.6344,25.6344,25.2072,25.2072,7723
19930628,25.2072,26.4889,25.2072,26.4889,22469
19930629,25.2072,28.1978,25.2072,28.1978,70920
19930630,28.6251,29.4796,26.4889,29.4796,131541
19930702,26.7025,29.0523,26.7025,28.8387,54535
19930705,28.6251,29.0523,27.3434,29.0523,19660
19930706,28.6251,28.6251,28.1978,28.6251,8191
19930707,28.6251,29.0523,27.3434,27.3434,15681
19930708,28.6251,28.8387,28.1978,28.8387,17320
19930709,28.8387,29.0523,27.3434,29.0523,14043
19930712,29.0523,29.0523,27.7706,29.0523,5851
19930713,28.8387,29.0523,28.6251,28.6251,2340
19930714,27.3434,29.0523,27.3434,29.0523,6553
19930715,28.8387,28.8387,27.3434,28.6251,9830
19930716,28.6251,28.8387,28.6251,28.8387,6319
19930720,27.3434,28.4115,27.3434,28.4115,935
19930721,28.1978,28.6251,28.1978,28.6251,4446
19930722,27.7706,28.6251,27.557,28.6251,2808
19930723,27.3434,28.4115,26.9161,28.4115,9830
19930726,27.3434,27.3434,27.3434,27.3434,2340
19930727,27.3434,27.7706,26.9161,27.557,3978
19930728,26.9161,28.1978,26.9161,28.1978,5616
19930729,26.9161,28.1978,26.9161,28.1978,16851
19930730,27.3434,27.7706,27.3434,27.7706,2574
19930802,27.3434,27.3434,27.3434,27.3434,3510
19930804,27.3434,27.3434,26.9161,27.1297,9596
19930805,26.7025,26.9161,26.7025,26.9161,9362
19930806,26.2753,27.7706,26.2753,27.7706,18022
19930809,27.1297,27.7706,26.9161,27.3434,14508
19930810,26.9161,27.7706,26.9161,27.7706,470
19930811,27.557,27.557,27.557,27.557,2340
19930813,27.1297,27.1297,27.1297,27.1297,935
19930816,26.9161,26.9161,26.9161,26.9161,1170
19930817,26.9161,26.9161,26.9161,26.9161,2340
19930818,26.9161,27.1297,26.9161,27.1297,3510
19930819,27.1297,27.7706,27.1297,27.3434,14040
19930820,27.3434,27.557,26.9161,26.9161,17788
19930823,26.9161,26.9161,26.9161,26.9161,2340
19930825,26.2753,26.2753,26.2753,26.2753,467
19930826,25.6344,25.6344,25.2072,25.2072,2106
19930827,25.6344,26.2753,25.6344,26.2753,1638
19930831,25.6344,25.6344,25.6344,25.6344,467
19930901,25.6344,26.9161,25.6344,26.9161,701
19930902,25.6344,25.6344,25.6344,25.6344,467
19930903,25.6344,25.6344,25.6344,25.6344,467
19930907,26.0616,26.0616,26.0616,26.0616,7489
19930908,26.0616,26.0616,26.0616,26.0616,1170
19930913,23.4982,23.4982,23.4982,23.4982,1170
19930914,25.848,25.848,25.6344,25.6344,8659
19930915,25.6344,25.6344,25.6344,25.6344,76
19930916,24.3527,24.3527,24.3527,24.3527,1638
19930917,26.0616,26.0616,25.6344,25.6344,2574
19930921,24.1391,25.848,23.9254,25.848,5148
19930922,25.6344,25.6344,25.2072,25.2072,4914
19930923,26.0616,27.1297,26.0616,26.4889,37683
19930924,27.3434,27.9842,27.1297,27.9842,73494
19930927,27.557,27.9842,26.7025,27.9842,36513
19930928,26.9161,28.1978,26.9161,28.1978,38853
19930929,27.1297,28.1978,27.1297,28.1978,5146
19930930,26.9161,28.1978,26.7025,28.1978,10297
19931001,27.557,27.7706,26.9161,27.7706,485206
19931004,27.7706,27.9842,27.7706,27.9842,10766
19931005,27.9842,30.7613,27.9842,30.7613,562107
19931006,30.9749,32.4702,29.4796,32.043,773873
19931007,32.043,32.043,30.334,30.334,243890
19931008,30.334,30.7613,28.6251,29.9068,117497
19931011,29.9068,30.334,28.8387,28.8387,108135
19931012,29.9068,30.1204,29.0523,29.9068,122646
19931013,29.2659,30.7613,28.6251,29.9068,214867
19931014,29.0523,30.1204,28.8387,29.4796,99709
19931015,29.0523,29.9068,29.0523,29.0523,144181
19931018,30.1204,30.1204,29.0523,29.4796,77707
19931019,29.2659,29.6932,29.0523,29.6932,119136
19931020,29.4796,29.9068,29.0523,29.9068,121243
19931021,29.4796,29.6932,28.6251,28.6251,102752
19931022,28.8387,29.6932,28.8387,28.8387,88240
19931026,29.0523,29.2659,28.4115,29.2659,93623
19931027,29.4796,29.4796,29.0523,29.0523,81920
19931028,28.8387,29.0523,28.4115,28.8387,211121
19931029,28.6251,29.4796,28.6251,29.4796,99240
19931101,28.8387,29.6932,28.8387,29.2659,45172
19931102,29.2659,29.2659,28.6251,28.6251,117029
19931103,28.8387,29.0523,27.557,27.557,62962
19931104,27.9842,27.9842,26.9161,26.9161,7021
19931105,26.9161,26.9161,26.9161,26.9161,1170
19931108,26.9161,27.3434,26.7025,26.7025,126158
19931109,27.1297,27.1297,26.9161,27.1297,100407
19931110,27.3434,29.6932,27.3434,29.0523,226336
19931111,28.6251,28.6251,27.9842,28.6251,194971
19931112,28.6251,29.0523,28.6251,29.0523,387837
19931115,28.6251,29.0523,28.4115,28.8387,249274
19931116,28.8387,29.9068,28.8387,29.4796,237570
19931117,29.4796,29.4796,28.4115,29.0523,183737
19931118,28.6251,29.2659,27.557,29.0523,231251
19931119,28.4115,29.4796,28.1978,29.0523,151904
19931122,28.8387,29.0523,27.3434,27.3434,110593
19931123,27.9842,27.9842,27.7706,27.9842,128966
19931124,28.6251,28.8387,27.7706,28.6251,110709
19931125,28.8387,29.4796,28.1978,29.4796,140201
19931126,29.0523,29.0523,28.1978,28.8387,86601
19931129,28.6251,29.0523,28.6251,29.0523,105560
19931130,29.0523,29.0523,27.7706,28.8387,144569
19931201,28.6251,29.0523,28.4115,28.8387,115859
19931202,28.8387,28.8387,27.1297,28.1978,156351
19931203,27.3434,28.1978,27.3434,27.557,50710
19931207,27.1297,27.9842,26.4889,27.3434,160251
19931208,27.3434,27.3434,25.6344,26.0616,168757
19931209,25.848,26.4889,25.2072,25.2072,173204
19931213,25.6344,26.2753,24.5663,25.6344,109306
19931214,26.0616,26.9161,25.6344,26.0616,139031
19931215,25.6344,25.6344,24.7799,25.6344,150266
19931216,25.6344,25.6344,23.2846,23.4982,281339
19931217,24.3527,24.3527,23.4982,23.4982,242251
19931220,23.7118,23.9254,23.4982,23.4982,121008
19931221,23.4982,23.9254,23.071,23.4982,50556
19931222,23.2846,23.7118,23.2846,23.7118,29022
19931223,23.7118,26.0616,23.4982,26.0616,616046
19931224,27.1297,27.3434,25.6344,27.3434,323002
19931227,28.6251,29.9068,28.1978,29.9068,1741643
19931228,32.8975,32.8975,31.4021,32.8975,807508
19931229,33.752,36.1018,33.752,36.1018,1110223
19931230,37.3835,39.5197,34.6064,38.4516,1137372
19940104,38.4516,40.5878,35.6745,36.3154,1510859
19940105,36.7426,39.9469,36.7426,39.9469,2124877
19940106,43.1512,43.5785,42.2968,43.5785,607073
19940107,47.8509,47.8509,39.3061,39.5197,1483006
19940110,39.5197,39.5197,35.6745,35.6745,577426
19940111,37.1699,39.0925,36.3154,39.0925,560414
19940112,39.7333,41.015,35.2473,36.3154,1473251
19940113,35.4609,35.8882,32.8975,33.752,305448
19940114,35.2473,36.9563,35.0337,36.9563,460162
19940117,37.5971,38.6652,35.4609,36.1018,301001
19940118,35.2473,36.529,35.2473,36.3154,60616
19940119,36.529,36.7426,32.8975,35.0337,106965
19940120,33.752,33.752,31.6158,31.6158,109306
19940121,32.043,32.043,30.7613,31.8294,52428
19940124,32.2566,34.8201,32.2566,34.8201,121945
19940125,35.2473,35.4609,32.8975,32.8975,104156
19940126,32.2566,33.752,32.2566,32.8975,44002
19940127,33.1111,35.4609,33.1111,34.8201,162671
19940128,35.4609,36.7426,34.6064,35.8882,245996
19940131,35.8882,36.1018,32.8975,33.752,110476
19940201,34.1792,35.2473,33.5383,33.9656,91751
19940202,33.3247,34.1792,33.3247,34.1792,22001
19940203,33.752,33.752,33.3247,33.752,30193
19940204,33.3247,34.8201,33.3247,34.1792,54769
19940207,32.043,32.043,30.7613,30.7613,81687
19940208,31.6158,31.6158,29.9068,30.7613,36981
19940209,29.9068,31.6158,29.9068,31.6158,36045
19940210,30.7613,31.6158,30.7613,31.1885,60855
19940211,30.7613,31.1885,30.334,31.1885,35576
19940214,31.1885,33.1111,31.1885,32.043,56174
19940215,32.4702,32.6839,32.2566,32.2566,74351
19940216,32.6839,32.6839,32.2566,32.2566,22001
19940217,32.043,32.8975,32.043,32.8975,43455
19940218,32.8975,32.8975,31.6158,31.8294,30895
19940221,32.4702,32.4702,31.8294,31.8294,25044
19940222,31.8294,31.8294,30.9749,30.9749,16150
19940223,31.6158,31.6158,30.7613,30.7613,32533
19940224,30.7613,30.7613,30.334,30.334,18490
19940228,29.9068,29.9068,29.0523,29.0523,30895
19940301,29.9068,30.7613,29.9068,29.9068,31832
19940302,29.4796,30.334,29.2659,29.4796,12170
19940303,29.2659,29.9068,29.0523,29.0523,15915
19940304,29.9068,30.7613,29.9068,30.1204,30895
19940307,30.5477,33.1111,30.5477,33.1111,258790
19940308,34.1792,35.6745,34.1792,34.3928,376139
19940309,34.3928,37.3835,32.8975,37.1699,1141350
19940310,37.3835,38.6652,36.9563,37.5971,1299034
19940311,37.8107,38.0244,34.6064,34.6064,583278
19940315,38.0244,38.0244,37.3835,38.0244,1307070
19940316,39.9469,39.9469,36.529,36.529,1525759
19940317,36.3154,36.3154,33.752,34.1792,468275
19940318,34.8201,35.8882,33.9656,35.0337,397038
19940321,34.3928,34.3928,32.2566,33.3247,227974
19940322,33.3247,34.3928,33.3247,33.9656,246231
19940323,34.6064,35.2473,34.3928,34.6064,171565
19940324,34.1792,34.3928,33.3247,33.5383,105560
19940325,33.3247,33.9656,33.3247,33.752,62025
19940328,33.3247,33.5383,32.4702,32.4702,92687
19940329,31.8294,32.4702,31.8294,31.8294,67175
19940330,31.6158,32.043,31.4021,31.4021,62494
19940331,31.1885,31.1885,30.7613,30.9749,35576
19940401,30.9749,30.9749,30.5477,30.7613,41428
19940404,29.9068,29.9068,27.7706,28.1978,98772
19940405,27.3434,30.5477,27.3434,30.5477,91049
19940407,31.6158,31.6158,30.7613,30.9749,75834
19940408,31.6158,31.8294,30.334,30.9749,57812
19940411,30.7613,30.7613,30.5477,30.7613,15447
19940415,31.1885,32.4702,30.7613,32.4702,93309
19940418,32.4702,34.6064,32.4702,34.6064,366781
19940419,32.8975,34.3928,32.8975,33.5383,189354
19940420,33.3247,34.1792,33.1111,33.752,178119
19940421,33.3247,33.752,32.6839,32.8975,166943
19940422,33.3247,34.1792,32.8975,33.752,460864
19940425,33.752,34.1792,30.5477,30.5477,633600
19940426,30.7613,30.7613,27.557,27.7706,1577644
19940427,30.4125,30.4125,30.4125,30.4125,17496
19940428,33.1773,33.1773,33.1773,33.1773,13045
19940429,36.2492,36.2492,34.0989,35.0205,534673
19940503,35.0205,35.0205,33.1773,33.4845,72347
19940504,33.4845,33.4845,31.6413,31.9485,65267
19940506,31.9485,32.5629,31.3341,32.5629,43538
19940509,31.9485,33.7917,31.6413,31.9485,128500
19940510,31.6413,32.5629,31.3341,32.5629,43131
19940511,32.5629,32.8701,31.9485,32.2557,28890
19940512,32.2557,32.2557,31.6413,31.6413,19694
19940513,31.9485,32.8701,31.9485,32.8701,64372
19940516,32.5629,32.8701,32.2557,32.2557,17171
19940517,32.5629,32.5629,31.9485,31.9485,13346
19940518,32.2557,32.8701,31.9485,32.2557,57129
19940519,32.2557,32.5629,31.9485,31.9485,39632
19940520,31.9485,31.9485,31.6413,31.6413,30110
19940523,32.2557,33.4845,31.9485,32.5629,101075
19940525,32.5629,32.8701,32.2557,32.5629,45410
19940526,32.5629,32.5629,31.9485,31.9485,57617
19940527,31.9485,32.5629,31.9485,32.2557,56885
19940530,32.2557,32.2557,31.9485,31.9485,29622
19940531,32.2557,32.5629,31.9485,31.9485,28239
19940601,31.9485,31.9485,31.6413,31.9485,15950
19940602,31.9485,35.0205,31.9485,34.7133,333906
19940603,34.7133,35.6348,33.1773,33.7917,235760
19940606,33.7917,34.0989,33.4845,33.4845,45247
19940607,33.7917,34.0989,33.1773,33.1773,32633
19940608,32.5629,33.1773,32.5629,33.1773,24983
19940609,33.1773,33.1773,32.2557,33.1773,31413
19940610,32.5629,33.1773,32.5629,32.5629,18229
19940613,32.5629,32.8701,32.5629,32.5629,30355
19940614,32.5629,32.8701,32.2557,32.2557,35400
19940615,33.1773,34.4061,33.1773,34.0989,180584
19940616,34.0989,34.0989,33.1773,33.4845,12548
19940617,33.7917,33.7917,31.9485,32.8701,55094
19940620,31.9485,32.5629,31.9485,32.2557,17659
19940621,32.2557,32.2557,31.9485,31.9485,46875
19940622,31.6413,31.9485,31.0269,31.9485,38249
19940623,31.9485,31.9485,31.3341,31.3341,22461
19940624,31.9485,31.9485,31.3341,31.3341,11149
19940627,31.3341,31.3341,30.1053,30.1053,32959
19940628,31.3341,31.3341,30.4125,31.0269,4394
19940629,31.3341,31.3341,30.4125,31.3341,3987
19940630,31.9485,31.9485,30.7197,31.6413,27181
19940704,31.6413,31.6413,30.7197,30.7197,9602
19940705,31.6413,31.6413,30.7197,31.3341,4258
19940706,31.6413,31.6413,30.7197,31.3341,12532
19940707,31.6413,31.6413,30.7197,30.7197,9358
19940708,31.3341,31.3341,30.7197,30.7197,5696
19940711,31.3341,31.3341,30.1053,30.7197,7731
19940712,30.7197,30.7197,30.4125,30.7197,5940
19940713,30.7197,31.0269,30.4125,31.0269,20508
19940714,31.3341,31.3341,30.4125,30.4125,3930
19940715,30.7197,31.9485,30.1053,31.9485,47282
19940718,32.2557,32.2557,31.3341,31.9485,2522
19940719,31.0269,31.0269,30.7197,31.0269,18310
19940720,30.7197,30.7197,30.1053,30.7197,28320
19940721,30.4125,31.0269,30.1053,30.1053,24414
19940722,30.7197,30.7197,30.1053,30.7197,11393
19940726,30.1053,31.0269,30.1053,30.7197,5696
19940727,30.1053,30.7197,30.1053,30.7197,9602
19940728,30.7197,30.7197,30.1053,30.1053,23844
19940729,30.1053,30.1053,28.8765,29.4909,55990
19940801,27.9549,27.9549,26.7261,27.0333,999440
19940802,27.3405,29.4909,26.7261,28.2621,731424
19940803,28.5693,28.5693,27.0333,27.3405,493714
19940804,27.9549,27.9549,27.0333,27.6477,211130
19940805,27.6477,27.6477,27.0333,27.0333,128582
19940808,27.3405,28.2621,27.3405,27.6477,243841
19940809,27.6477,28.5693,27.3405,27.9549,427868
19940810,28.2621,30.4125,28.2621,30.1053,1518986
19940811,30.1053,30.1053,28.5693,28.8765,684911
19940815,29.1837,29.1837,27.9549,28.2621,236330
19940816,28.2621,28.2621,27.3405,27.6477,350345
19940817,27.6477,28.8765,27.3405,27.3405,372155
19940818,27.6477,27.9549,27.0333,27.0333,315514
19940819,27.3405,28.2621,27.3405,27.6477,337080
19940822,27.6477,27.6477,27.0333,27.0333,384850
19940823,27.0333,27.6477,26.7261,27.3405,360110
19940824,27.3405,27.3405,26.7261,27.0333,241294
19940825,27.0333,27.3405,25.8045,26.4189,512456
19940826,26.1117,26.7261,24.883,25.4973,227704
19940829,25.1902,25.4973,25.1902,25.4973,111329
19940830,25.4973,25.8045,25.1902,25.1902,102458
19940831,25.1902,25.4973,25.1902,25.1902,104818
19940901,25.4973,25.4973,24.883,25.1902,150644
19940902,24.883,25.1902,24.883,24.883,122315
19940905,25.4973,25.8045,25.1902,25.1902,159750
19940906,25.8045,27.6477,25.8045,27.6477,996591
19940907,28.2621,28.5693,26.1117,26.4189,473881
19940908,26.4189,26.7261,25.8045,25.8045,164088
19940909,26.1117,26.1117,25.4973,25.8045,124431
19940912,26.1117,26.1117,25.4973,26.1117,130616
19940913,25.8045,26.1117,25.4973,25.8045,74870
19940914,26.1117,28.2621,25.4973,27.6477,565195
19940915,27.6477,28.5693,27.3405,27.9549,875029
19940916,28.2621,28.5693,27.3405,27.3405,335289
19940919,27.3405,27.9549,27.0333,27.3405,190024
19940920,27.0333,27.3405,26.7261,27.0333,150310
19940921,26.7261,27.9549,26.4189,27.9549,224448
19940922,27.9549,28.8765,27.9549,28.5693,1102574
19940923,28.8765,28.8765,27.6477,27.9549,265383
19940926,27.9549,27.9549,26.4189,27.0333,218426
19940927,27.3405,27.6477,26.7261,26.7261,115316
19940928,27.0333,27.6477,26.7261,26.7261,61524
19940929,26.7261,26.7261,26.1117,26.1117,160646
19940930,25.8045,26.4189,25.4973,26.4189,82683
19941003,26.4189,26.4189,26.1117,26.4189,18229
19941004,26.4189,26.4189,26.1117,26.4189,49723
19941005,26.4189,27.3405,26.1117,26.7261,138022
19941006,26.7261,26.7261,26.1117,26.4189,92473
19941007,26.1117,26.1117,25.1902,25.4973,137208
19941010,25.1902,25.1902,24.2686,24.5758,282636
19941011,24.883,25.1902,24.5758,24.5758,70801
19941012,24.883,24.883,24.5758,24.883,44930
19941013,25.1902,25.1902,24.883,25.1902,59489
19941014,24.883,25.1902,24.883,24.883,58024
19941017,25.1902,25.8045,24.883,24.883,146729
19941018,24.883,24.883,24.5758,24.883,101807
19941019,24.883,24.883,24.2686,24.2686,97331
19941020,24.5758,24.5758,24.5758,24.5758,61035
19941021,24.5758,24.5758,24.2686,24.2686,49642
19941025,24.2686,24.5758,24.2686,24.2686,45573
19941026,24.2686,24.2686,23.9614,23.9614,55745
19941027,23.9614,24.2686,23.347,23.6542,96029
19941028,23.6542,23.6542,23.0398,23.347,47689
19941031,23.347,23.6542,23.347,23.347,110515
19941101,23.6542,23.6542,23.347,23.347,41829
19941102,23.347,23.347,22.7326,23.0398,144614
19941103,22.7326,23.347,22.7326,23.347,48747
19941104,23.347,24.5758,23.347,23.9614,223228
19941107,23.9614,24.2686,23.347,23.347,81381
19941108,23.347,23.347,23.0398,23.0398,46468
19941109,23.0398,23.0398,23.0398,23.0398,12300
19941110,23.347,23.347,22.7326,22.7326,29215
19941111,22.7326,22.7326,22.1182,22.4254,76498
19941114,22.4254,22.4254,22.1182,22.1182,48828
19941115,22.4254,23.0398,22.1182,22.1182,74382
19941116,22.7326,22.7326,22.4254,22.7326,49886
19941117,22.4254,22.7326,22.4254,22.7326,75277
19941118,22.7326,22.7326,22.1182,22.1182,32959
19941121,22.1182,22.1182,21.5038,21.811,48828
19941122,21.5038,21.5038,20.8894,21.1966,51270
19941123,20.5822,20.5822,19.3534,19.9678,141440
19941124,19.9678,21.1966,19.3534,21.1966,139324
19941125,20.8894,20.8894,20.5822,20.8894,133572
19941128,20.5822,20.5822,19.9678,19.9678,22868
19941129,20.275,21.5038,20.275,21.5038,130535
19941130,20.8894,21.811,20.8894,21.811,114177
19941201,21.1966,22.1182,20.8894,22.1182,80567
19941202,21.1966,21.1966,20.275,20.275,38818
19941206,20.5822,20.8894,20.275,20.8894,19287
19941207,20.5822,20.8894,20.275,20.8894,31494
19941208,20.275,20.8894,19.9678,20.8894,51676
19941209,19.6606,19.6606,19.3534,19.6606,50293
19941213,19.6606,20.8894,19.6606,20.8894,143556
19941214,20.5822,20.8894,20.275,20.275,28483
19941215,20.275,20.275,20.275,20.275,7324
19941216,20.5822,20.8894,20.275,20.8894,43294
19941219,20.5822,20.8894,20.275,20.275,24902
19941220,20.275,20.8894,19.6606,20.8894,42806
19941221,20.5822,22.1182,19.9678,21.1966,226890
19941222,21.5038,21.811,20.8894,21.811,65430
19941223,21.5038,21.5038,20.8894,20.8894,15136
19941226,21.1966,21.1966,20.8894,21.1966,25879
19941227,21.5038,21.811,21.1966,21.5038,73568
19941228,21.811,23.6542,21.811,23.347,929696
19941229,23.347,23.347,22.4254,23.0398,204266
19941230,23.0398,23.347,22.1182,22.1182,179852
19950103,22.4254,22.4254,21.5038,21.5038,40446
19950104,21.5038,22.7326,21.5038,22.7326,68441
19950105,22.7326,23.0398,22.4254,22.4254,115967
19950106,22.4254,23.0398,22.4254,22.7326,82194
19950109,22.7326,22.7326,22.4254,22.4254,46631
19950110,22.1182,22.4254,22.1182,22.1182,51839
19950111,22.1182,22.1182,21.5038,21.5038,46549
19950112,21.5038,21.5038,20.5822,20.5822,85368
19950113,20.275,20.5822,19.6606,20.5822,117921
19950116,20.5822,20.8894,20.275,20.275,66325
19950117,20.5822,20.8894,20.275,20.275,40446
19950118,20.275,20.5822,20.275,20.275,14648
19950119,20.275,20.5822,20.275,20.275,34098
19950120,20.8894,20.8894,19.9678,20.275,31087
19950123,19.6606,19.6606,18.4318,18.739,108725
19950124,18.4318,18.4318,17.8174,18.4318,80485
19950125,18.1246,18.739,17.8174,18.4318,76172
19950126,18.4318,18.4318,18.1246,18.1246,40934
19950127,17.8174,18.1246,17.8174,17.8174,20752
19950130,17.8174,18.4318,17.8174,18.4318,14648
19950131,17.8174,18.739,17.8174,18.739,31331
19950201,18.739,19.6606,18.4318,19.6606,59570
19950202,19.0462,20.275,19.0462,19.9678,65755
19950203,19.6606,20.5822,19.3534,20.5822,124187
19950206,20.5822,20.5822,19.9678,19.9678,57943
19950207,19.9678,19.9678,19.6606,19.6606,11393
19950208,19.6606,20.5822,19.6606,19.6606,45491
19950209,19.6606,19.9678,19.6606,19.6606,45573
19950210,19.6606,19.6606,19.3534,19.3534,38167
19950213,19.3534,19.3534,19.3534,19.3534,9765
19950215,19.3534,19.3534,19.0462,19.0462,17578
19950216,19.0462,19.3534,19.0462,19.3534,25472
19950217,19.3534,19.3534,18.739,18.739,53711
19950220,18.739,19.0462,18.739,19.0462,15543
19950221,19.0462,19.0462,19.0462,19.0462,3255
19950222,19.0462,19.0462,18.4318,18.4318,68685
19950223,18.739,18.739,18.4318,18.4318,34505
19950224,19.0462,19.0462,18.4318,19.0462,44840
19950227,18.739,18.739,18.4318,18.4318,44922
19950228,18.4318,18.739,18.4318,18.4318,1709
19950301,18.4318,18.4318,18.1246,18.1246,12369
19950302,18.739,18.739,18.4318,18.4318,16438
19950303,18.1246,18.4318,18.1246,18.1246,6673
19950306,18.1246,18.1246,17.5102,17.8174,62337
19950307,17.8174,17.8174,17.5102,17.5102,36214
19950308,16.5886,16.8958,15.9742,16.2814,62988
19950309,16.5886,16.5886,16.2814,16.5886,14160
19950310,16.5886,16.5886,16.2814,16.2814,18880
19950313,16.2814,16.2814,15.0527,15.0527,43782
19950314,14.7455,14.7455,14.1311,14.4383,43945
19950315,15.3598,15.3598,14.4383,14.4383,35237
19950316,14.1311,14.1311,13.8239,13.8239,74138
19950317,14.1311,15.0527,14.1311,15.0527,37435
19950320,14.7455,15.9742,14.7455,15.667,80974
19950321,15.0527,15.667,14.7455,14.7455,31413
19950322,14.4383,15.0527,14.4383,14.7455,21647
19950323,15.0527,15.0527,14.7455,14.7455,22868
19950324,14.7455,15.667,14.7455,15.3598,37435
19950327,15.3598,15.3598,15.0527,15.3598,4964
19950328,15.0527,15.0527,14.7455,14.7455,31006
19950329,14.7455,15.3598,14.7455,15.3598,34586
19950330,15.3598,15.667,15.0527,15.0527,42073
19950331,15.0527,15.0527,14.7455,14.7455,19420
19950403,14.4383,14.7455,14.1311,14.7455,30110
19950404,15.0527,15.0527,14.7455,14.7455,16276
19950405,14.7455,14.7455,14.7455,14.7455,2441
19950407,14.4383,14.4383,14.1311,14.1311,7975
19950410,14.4383,14.4383,14.1311,14.1311,12207
19950411,14.4383,14.4383,14.1311,14.4383,36865
19950417,14.4383,14.4383,14.4383,14.4383,5319
19950418,14.4383,14.7455,14.1311,14.7455,25390
19950419,14.1311,14.7455,14.1311,14.4383,19205
19950420,14.4383,14.4383,14.4383,14.4383,22379
19950421,14.7455,14.7455,14.7455,14.7455,29297
19950424,14.7455,15.0527,14.7455,15.0527,26041
19950425,14.1311,14.1311,13.8239,14.1311,16357
19950426,13.8239,14.1311,13.8239,13.8239,11800
19950427,13.8239,14.1311,13.8239,14.1311,5696
19950428,14.1311,14.4383,13.8239,14.4383,29948
19950502,14.7455,14.7455,14.4383,14.4383,19205
19950503,14.1311,14.4383,14.1311,14.1311,22379
19950504,14.1311,14.7455,14.1311,14.7455,13427
19950508,14.7455,14.7455,14.4383,14.4383,6917
19950509,14.4383,15.3598,14.4383,15.3598,54118
19950510,15.3598,16.8958,15.3598,16.8958,238202
19950511,17.203,17.203,15.9742,16.5886,102946
19950512,15.9742,16.8958,15.9742,15.9742,69255
19950516,15.9742,17.203,15.9742,16.8958,116130
19950517,16.5886,16.5886,15.9742,16.2814,79020
19950518,15.9742,16.5886,15.9742,16.2814,37191
19950519,15.9742,16.2814,15.3598,16.2814,87077
19950522,15.9742,16.8958,15.9742,16.5886,150554
19950523,16.8958,18.1246,16.5886,17.8174,396000
19950524,17.8174,18.1246,16.8958,17.5102,117107
19950525,17.8174,17.8174,16.8958,16.8958,57780
19950526,16.8958,18.4318,16.8958,18.4318,420739
19950529,18.739,19.6606,18.4318,19.3534,145997
19950530,19.3534,20.275,18.1246,18.4318,115154
19950531,18.4318,18.4318,18.1246,18.4318,45410
19950601,18.4318,19.3534,17.5102,18.4318,89193
19950602,18.4318,18.4318,17.8174,17.8174,25716
19950605,18.1246,18.4318,18.1246,18.1246,75928
19950606,18.739,18.739,17.8174,18.1246,58431
19950607,17.8174,18.1246,17.8174,17.8174,22542
19950608,18.4318,18.4318,18.1246,18.1246,31575
19950609,18.4318,18.4318,17.8174,18.1246,63287
19950612,17.8174,17.8174,17.203,17.203,16520
19950613,17.5102,17.5102,17.5102,17.5102,15706
19950614,17.5102,17.5102,17.5102,17.5102,45166
19950615,17.203,17.5102,17.203,17.203,15218
19950616,17.203,17.5102,17.203,17.5102,15462
19950619,17.203,17.203,17.203,17.203,11556
19950620,17.5102,17.5102,16.5886,16.8958,55176
19950621,17.203,17.203,16.2814,16.2814,78614
19950622,16.2814,16.5886,16.2814,16.2814,13102
19950623,16.5886,16.8958,16.5886,16.8958,4150
19950626,16.5886,16.5886,15.9742,15.9742,46387
19950627,15.9742,16.2814,15.9742,15.9742,30273
19950628,16.2814,16.2814,15.9742,15.9742,6998
19950629,15.9742,16.2814,15.9742,15.9742,9277
19950630,16.5886,16.5886,15.9742,16.2814,10416
19950703,15.9742,16.2814,15.9742,16.2814,17090
19950704,16.2814,16.5886,16.2814,16.2814,14241
19950705,16.2814,16.5886,16.2814,16.5886,39876
19950706,16.5886,16.8958,16.5886,16.5886,35237
19950707,16.5886,16.8958,16.2814,16.5886,53304
19950710,16.5886,16.5886,16.2814,16.2814,71615
19950711,16.2814,16.8958,16.2814,16.8958,32471
19950713,16.5886,16.5886,16.2814,16.2814,3255
19950714,16.2814,16.2814,15.9742,16.2814,17252
19950717,16.2814,16.2814,15.9742,15.9742,13020
19950718,15.9742,15.9742,15.9742,15.9742,39469
19950719,15.667,15.9742,15.0527,15.667,77963
19950720,15.3598,15.667,15.3598,15.3598,43131
19950721,15.9742,16.8958,15.9742,16.8958,298505
19950724,16.5886,16.5886,15.9742,15.9742,45573
19950725,16.2814,16.8958,16.2814,16.8958,42887
19950726,16.8958,18.4318,16.5886,17.8174,218670
19950727,17.8174,17.8174,17.203,17.203,51025
19950728,17.203,17.8174,16.8958,17.203,26611
19950731,17.203,17.203,16.8958,16.8958,17090
19950801,16.8958,16.8958,16.8958,16.8958,6266
19950802,16.8958,16.8958,16.5886,16.5886,12939
19950803,16.5886,16.5886,16.2814,16.5886,14892
19950804,16.5886,16.5886,15.9742,16.2814,25228
19950807,16.2814,16.2814,15.667,15.667,11556
19950808,15.667,15.667,15.667,15.667,2034
19950809,15.9742,16.2814,15.9742,15.9742,13346
19950810,15.9742,15.9742,15.9742,15.9742,1627
19950811,15.667,15.9742,15.667,15.9742,11230
19950815,15.9742,15.9742,15.9742,15.9742,7324
19950816,15.667,15.667,15.3598,15.3598,40690
19950817,15.667,15.9742,15.3598,15.3598,51270
19950818,15.667,15.667,15.3598,15.3598,13834
19950821,15.0527,15.667,15.0527,15.667,895
19950822,15.0527,15.9742,15.0527,15.9742,2522
19950823,15.3598,15.9742,15.3598,15.3598,15950
19950824,15.0527,15.667,15.0527,15.3598,25228
19950825,15.667,15.667,15.667,15.667,813
19950828,15.3598,15.3598,15.0527,15.0527,2441
19950829,15.0527,15.3598,15.0527,15.3598,2522
19950830,15.0527,15.3598,14.7455,15.3598,36051
19950831,15.0527,15.0527,14.7455,14.7455,19531
19950901,14.7455,15.3598,14.7455,15.0527,29297
19950904,14.4383,14.4383,14.4383,14.4383,5696
19950905,14.1311,14.4383,14.1311,14.1311,6510
19950906,14.1311,14.4383,14.1311,14.4383,2848
19950907,14.4383,14.4383,14.4383,14.4383,1627
19950908,14.4383,14.4383,14.4383,14.4383,17090
19950911,14.4383,14.4383,14.4383,14.4383,2848
19950912,14.1311,15.0527,14.1311,15.0527,12695
19950913,14.4383,14.7455,14.4383,14.7455,2958
19950914,14.7455,15.0527,14.4383,15.0527,2766
19950915,14.7455,15.0527,14.4383,15.0527,13020
19950918,14.7455,15.667,14.4383,15.3598,24739
19950919,14.7455,14.7455,14.7455,14.7455,4882
19950920,14.4383,14.4383,14.1311,14.4383,9765
19950921,14.4383,14.4383,14.4383,14.4383,10579
19950922,14.4383,14.4383,14.1311,14.1311,8707
19950925,14.1311,14.4383,14.1311,14.4383,20996
19950926,14.1311,14.1311,14.1311,14.1311,5940
19950927,13.8239,14.4383,13.8239,14.4383,5696
19950928,14.1311,14.4383,13.2095,13.8239,158041
19950929,14.1311,14.1311,13.8239,13.8239,34912
19951002,13.8239,14.1311,13.8239,14.1311,24821
19951003,14.1311,14.1311,13.8239,13.8239,18392
19951004,13.8239,14.4383,13.8239,14.1311,8138
19951005,13.8239,13.8239,13.8239,13.8239,2848
19951006,13.8239,13.8239,13.5167,13.8239,18310
19951009,13.5167,13.8239,13.5167,13.8239,24658
19951010,13.8239,13.8239,13.8239,13.8239,4069
19951011,13.8239,13.8239,13.8239,13.8239,1627
19951012,13.8239,13.8239,13.8239,13.8239,5696
19951016,13.8239,13.8239,13.5167,13.8239,7324
19951017,13.5167,13.5167,13.2095,13.2095,32391
19951018,13.2095,13.5167,12.5951,13.2095,42318
19951019,12.9023,12.9023,12.9023,12.9023,1384
19951020,12.9023,13.2095,12.2879,13.2095,37028
19951024,12.9023,13.2095,12.9023,12.9023,9765
19951025,12.5951,12.9023,12.5951,12.9023,13020
19951026,12.5951,12.5951,12.5951,12.5951,37435
19951027,12.5951,12.9023,12.2879,12.9023,32308
19951030,12.5951,12.5951,12.2879,12.5951,42562
19951031,12.2879,12.5951,12.2879,12.5951,17090
19951101,12.5951,12.9023,12.5951,12.9023,3255
19951102,12.2879,12.2879,12.2879,12.2879,5859
19951106,12.2879,12.2879,12.165,12.165,5371
19951107,11.6735,12.165,11.6735,12.165,22054
19951108,12.2879,12.2879,12.2879,12.2879,1629
19951110,11.9192,12.165,11.9192,12.165,27099
19951113,11.6735,12.2879,11.6735,12.2879,2441
19951114,11.9192,11.9192,11.9192,11.9192,4313
19951115,11.7964,11.7964,10.9362,10.9362,34993
19951116,10.4447,11.0591,10.4447,11.0591,7975
19951117,11.0591,11.4277,10.8133,11.4277,7975
19951120,10.5676,10.5676,10.5676,10.5676,162
19951121,10.1989,10.8133,10.1989,10.4447,20589
19951122,11.0591,11.4277,11.0591,11.3048,14050
19951123,11.0591,11.182,10.8133,11.182,10254
19951127,10.5676,10.8133,10.5676,10.8133,5045
19951128,10.5676,10.8133,10.4447,10.8133,3662
19951129,10.5676,10.5676,10.5676,10.5676,2360
19951130,10.4447,10.9362,10.4447,10.9362,244
19951204,10.8133,10.8133,10.5676,10.8133,24414
19951206,10.8133,11.182,10.8133,11.0591,25228
19951207,11.0591,11.0591,10.5676,11.0591,14729
19951212,10.5676,10.8133,10.5676,10.8133,4231
19951219,10.5676,10.5676,10.4447,10.4447,2848
19951220,10.5676,10.5676,10.5676,10.5676,2441
19951221,10.5676,10.5676,10.3218,10.4447,4882
19951222,10.5676,10.9362,10.5676,10.9362,7731
19951225,10.5676,10.5676,10.5676,10.5676,1220
19951226,10.5676,10.5676,10.4447,10.4447,11637
19951227,10.4447,10.4447,10.4447,10.4447,9114
19951228,10.3218,11.4277,10.3218,11.4277,20426
19951229,11.182,12.165,10.8133,12.165,127768
19960103,11.5506,11.9192,11.5506,11.9192,15950
19960104,11.9192,11.9192,11.5506,11.5506,10608
19960108,11.0591,11.5506,11.0591,11.5506,7487
19960109,12.165,12.165,11.5506,11.5506,976
19960110,11.6735,11.6735,11.6735,11.6735,3418
19960111,11.182,11.182,11.182,11.182,3662
19960112,11.182,11.182,11.182,11.182,7324
19960116,11.0591,11.0591,11.0591,11.0591,1057
19960117,11.0591,11.0591,11.0591,11.0591,4882
19960122,10.4447,10.5676,10.4447,10.5676,12207
19960123,10.5676,10.5676,10.3218,10.3218,13834
19960124,10.4447,10.5676,10.4447,10.5676,7731
19960126,10.3218,10.3218,10.3218,10.3218,8545
19960129,10.3218,10.3218,9.9532,9.9532,14974
19960130,10.0761,10.4447,10.0761,10.3218,5859
19960131,10.1989,10.1989,10.0761,10.0761,17171
19960201,10.1989,10.6905,9.5845,10.3218,90332
19960202,10.3218,11.3048,10.3218,11.3048,143311
19960205,11.6735,12.2879,11.4277,12.2879,119166
19960206,12.9023,13.5167,12.9023,13.5167,178147
19960207,13.8239,14.1311,12.165,12.9023,180340
19960208,11.7964,12.165,11.7964,11.7964,31250
19960209,11.3048,11.3048,10.8133,11.3048,13102
19960212,10.4447,11.9192,10.4447,11.9192,4231
19960213,11.9192,11.9192,11.182,11.182,2278
19960214,10.8133,10.8133,10.8133,10.8133,6429
19960215,11.3048,11.3048,11.3048,11.3048,81
19960216,10.5676,11.7964,10.5676,11.7964,7161
19960219,12.2879,12.2879,12.2879,12.2879,81
19960223,11.3048,11.3048,11.0591,11.3048,4394
19960226,11.6735,11.6735,11.6735,11.6735,81
19960227,11.5506,11.5506,11.5506,11.5506,4882
19960228,11.0591,11.182,10.6905,11.182,5289
19960304,10.5676,10.5676,10.5676,10.5676,732
19960305,10.1989,10.3218,10.1989,10.3218,9358
19960306,10.3218,10.3218,9.9532,9.9532,8951
19960307,8.9702,9.2159,8.9702,8.9702,128093
19960308,8.3558,8.4786,8.11,8.11,103366
19960311,7.4956,7.7414,7.3727,7.3727,81625
19960312,7.3727,7.3727,6.6355,6.6355,91879
19960313,6.2668,6.2668,6.0211,6.0211,300173
19960314,6.0211,6.3897,5.7753,6.3897,71615
19960315,6.6355,6.6355,6.1439,6.3897,20345
19960318,6.1439,6.6355,6.1439,6.5126,42261
19960319,6.5126,6.7583,6.5126,6.7583,54688
19960320,6.6355,6.6355,6.3897,6.5126,22705
19960321,6.7583,7.127,6.7583,7.0041,60954
19960322,7.127,7.127,6.7583,7.0041,22135
19960325,6.7583,6.7583,6.6355,6.7583,8626
19960326,6.7583,6.7583,6.3897,6.6355,10986
19960327,6.6355,6.6355,6.5126,6.6355,3987
19960328,6.5126,6.5126,6.2668,6.2668,7324
19960329,6.3897,6.6355,6.3897,6.5126,27181
19960401,6.3897,6.6355,6.2668,6.6355,10579
19960402,6.3897,6.3897,6.3897,6.3897,6510
19960403,6.3897,6.6355,6.2668,6.6355,17334
19960404,6.3897,6.7583,6.3897,6.7583,29297
19960405,6.6355,6.6355,6.3897,6.3897,12939
19960409,6.3897,6.3897,6.1439,6.2668,41829
19960410,6.2668,6.2668,6.1439,6.1439,27181
19960411,6.2668,6.2668,6.1439,6.1439,13102
19960416,6.1439,6.1439,6.1439,6.1439,17903
19960417,6.1439,6.1439,6.1439,6.1439,7324
19960418,6.1439,6.1439,6.1439,6.1439,4069
19960419,6.1439,6.2668,6.1439,6.2668,4882
19960422,6.1439,6.1439,6.1439,6.1439,9358
19960423,6.1439,6.1439,5.8982,6.0211,21972
19960424,5.8982,6.0211,5.7753,5.7753,23681
19960425,5.8982,5.8982,5.6524,5.7753,39144
19960426,5.6524,5.6524,5.6524,5.6524,24088
19960429,5.7753,6.1439,5.6524,6.0211,65511
19960430,6.1439,6.5126,6.1439,6.5126,137708
19960502,6.1439,7.0041,6.1439,7.0041,23926
19960503,6.5126,7.2498,6.5126,7.2498,21972
19960507,6.7583,7.0041,6.7583,6.8812,27262
19960508,6.5126,6.5126,6.5126,6.5126,15625
19960509,6.2668,6.5126,6.2668,6.5126,3255
19960510,6.5126,6.8812,6.5126,6.7583,28483
19960513,6.7583,6.7583,6.7583,6.7583,13020
19960514,6.5126,6.6355,6.5126,6.5126,11149
19960515,6.5126,6.7583,6.5126,6.7583,10335
19960516,6.3897,7.0041,6.3897,6.7583,21159
19960517,6.5126,6.7583,6.5126,6.7583,12207
19960520,6.3897,6.7583,6.3897,6.6355,14648
19960521,6.3897,6.3897,6.3897,6.3897,813
19960522,6.2668,6.3897,6.2668,6.3897,18554
19960523,6.2668,6.5126,6.2668,6.5126,9765
19960524,6.7583,6.7583,6.5126,6.5126,11230
19960527,6.3897,6.5126,6.3897,6.5126,19694
19960528,6.2668,6.2668,6.2668,6.2668,26855
19960529,6.3897,6.3897,6.2668,6.2668,29704
19960530,6.2668,6.2668,6.0211,6.0211,27832
19960603,6.0211,6.5126,6.0211,6.5126,136475
19960604,7.127,7.127,7.127,7.127,57487
19960605,7.7414,7.7414,7.7414,7.7414,16764
19960606,8.4786,8.4786,8.4786,8.4786,45059
19960607,8.7244,8.9702,7.8642,8.11,311282
19960611,7.4956,7.6185,7.3727,7.3727,118897
19960612,6.8812,7.4956,6.8812,7.3727,41504
19960613,7.3727,8.11,7.3727,8.11,189129
19960614,8.2329,8.6015,8.11,8.4786,121990
19960617,8.6015,8.6015,7.8642,8.11,41829
19960618,7.8642,7.9871,7.6185,7.9871,20752
19960619,7.7414,7.7414,7.7414,7.7414,81
19960620,7.6185,7.6185,7.127,7.127,147869
19960621,7.0041,7.4956,6.8812,7.2498,151124
19960624,7.127,7.127,6.7583,6.7583,90495
19960625,6.5126,6.5126,6.2668,6.3897,157472
19960626,6.5126,7.0041,6.3897,7.0041,552984
19960627,7.127,7.4956,7.0041,7.4956,333580
19960628,7.2498,7.7414,7.2498,7.7414,263674
19960702,7.6185,7.6185,7.3727,7.4956,75440
19960703,7.6185,7.6185,7.127,7.4956,284914
19960704,7.7414,8.11,7.6185,8.11,303795
19960705,8.2329,8.3558,7.9871,8.2329,201906
19960708,7.9871,8.11,7.7414,7.7414,98471
19960709,7.7414,7.7414,7.2498,7.3727,126628
19960710,7.3727,7.7414,7.3727,7.6185,86019
19960711,7.6185,7.7414,7.3727,7.6185,70394
19960712,7.3727,7.4956,7.127,7.4956,129477
19960716,6.7583,8.2329,6.7583,8.11,570342
19960717,7.3,7.3,7.3,7.3,300400
19960718,6.6,7,6.6,6.6,1524300
19960719,6.5,7,6.5,6.9,596000
19960722,6.9,7.1,6.7,6.9,344100
19960723,6.7,7,6.7,6.9,145900
19960724,6.8,7.3,6.7,7.1,798300
19960725,7.1,7.1,6.9,6.9,299300
19960726,6.9,6.9,6.6,6.8,281600
19960729,6.6,6.9,6.6,6.6,160700
19960731,6.4,6.4,6,6,307100
19960801,5.9,6.3,5.9,6.3,256600
19960802,6.1,6.6,6.1,6.6,264100
19960805,6.7,6.8,6.5,6.7,196100
19960806,6.7,6.7,6.3,6.4,103200
19960807,6.3,6.6,6.3,6.5,131300
19960808,6.5,6.5,6.2,6.3,85700
19960809,6.1,6.2,6.1,6.2,46500
19960813,6.2,6.2,6,6,42000
19960814,6,6,5.7,5.7,32400
19960815,5.6,5.7,5.5,5.6,51000
19960816,5.5,5.6,5.5,5.6,69100
19960819,5.5,5.6,5.5,5.6,61000
19960820,5.6,5.6,5.3,5.3,44000
19960821,5.4,5.8,5.4,5.6,34500
19960822,5.3,5.3,5.3,5.3,4000
19960823,5.3,5.4,5.3,5.4,65500
19960826,5.3,5.3,5.1,5.1,29000
19960827,5.2,5.2,5,5.2,23000
19960828,5.1,5.2,5.1,5.2,13900
19960829,5,5.2,5,5.1,45000
19960830,5.1,5.1,5.1,5.1,20200
19960902,5,5,4.8,4.8,31800
19960903,4.8,4.8,4.5,4.8,36500
19960904,4.9,5.2,4.8,5.2,76400
19960905,5,5,4.8,5,53000
19960906,4.5,4.8,4.5,4.5,158800
19960909,4.5,4.9,4.1,4.5,134500
19960910,4.5,4.8,4.5,4.8,20000
19960911,4.6,4.9,4.5,4.9,27500
19960912,4.5,4.9,4.5,4.7,8900
19960913,4.8,5.1,4.8,5.1,43500
19960916,5.1,5.4,5.1,5.4,87000
19960917,5.2,5.5,5.2,5.5,48200
19960918,5.2,5.5,5.2,5.5,58900
19960919,5.2,5.5,5.2,5.5,13500
19960920,5.5,6,5.5,6,13400
19960923,5.7,6,5.5,6,37300
19960924,5.6,5.9,5.6,5.9,42500
19960925,5.6,6.1,5.6,6.1,60100
19960926,6.1,6.1,6.1,6.1,1200
19960927,5.8,6.5,5.8,6.5,125200
19960930,6.2,6.5,6,6.1,176800
19961001,6,6.1,5.8,5.9,39900
19961002,5.7,5.8,5.6,5.8,15000
19961003,5.4,5.9,5.4,5.9,5100
19961004,5.4,5.9,5.4,5.9,11000
19961007,5.5,5.6,5.4,5.6,20100
19961009,5.3,5.5,5.3,5.5,2100
19961010,5.2,5.2,5,5,8600
19961011,4.6,5,4.6,5,7500
19961014,4.6,4.8,4.6,4.8,9700
19961016,4.7,5,4.7,5,10100
19961017,5,5.3,5,5.3,19000
19961018,5,5.5,5,5.5,5800
19961021,5.1,5.4,5.1,5.4,8600
19961022,5.6,5.6,5.6,5.6,500
19961024,5.2,5.2,5.2,5.2,3400
19961025,5.1,5.4,5.1,5.4,6500
19961028,5,5.4,4.9,5.4,13100
19961029,5,5.4,4.9,5.3,10900
19961030,4.9,4.9,4.8,4.8,30900
19961031,4.6,5,4.6,5,41400
19961101,4.8,4.9,4.8,4.9,4000
19961105,4.9,4.9,4.9,4.9,3000
19961106,4.9,4.9,4.9,4.9,2000
19961108,4.9,4.9,4.9,4.9,5000
19961111,4.8,4.8,4.8,4.8,5000
19961112,4.7,4.7,4.7,4.7,4500
19961113,4.5,4.5,4.5,4.5,3000
19961114,4.5,4.8,4.5,4.8,5600
19961115,4.7,4.7,4.7,4.7,10400
19961118,4.6,4.6,4.3,4.3,14500
19961119,4.3,4.4,4,4.4,54300
19961120,4.5,4.5,4.5,4.5,8000
19961121,4.2,4.2,4.2,4.2,3500
19961122,4.6,4.6,4.6,4.6,10100
19961126,4.2,4.5,4.2,4.5,16700
19961129,4.1,4.4,4.1,4.4,3100
19961203,4,4.2,4,4.2,70100
19961204,4,4,3.8,3.8,15500
19961206,3.6,3.7,3.5,3.7,37000
19961209,3.7,3.9,3.7,3.7,12100
19961211,3.9,3.9,3.9,3.9,100
19961212,3.6,4,3.6,4,9700
19961213,3.6,3.8,3.6,3.8,6200
19961216,3.5,3.5,3.5,3.5,3000
19961217,3.5,3.5,3.2,3.2,78600
19961218,3,3.4,3,3.4,11300
19961219,3.1,3.1,3.1,3.1,17200
19961220,2.8,3.1,2.8,3.1,42100
19961223,2.8,3,2.8,3,47700
19961224,2.8,2.8,2.7,2.8,12000
19961225,2.8,3,2.8,3,18800
19961226,2.8,3,2.8,3,12800
19961227,2.8,2.9,2.8,2.9,11400
19961230,2.9,3,2.9,3,4600
19970102,2.8,2.9,2.8,2.9,600
19970103,2.9,2.9,2.9,2.9,500
19970106,2.7,3,2.7,3,16100
19970108,2.7,3,2.7,2.9,29700
19970109,2.8,2.8,2.7,2.7,17900
19970110,2.5,2.9,2.5,2.9,38300
19970113,2.8,2.8,2.7,2.8,35600
19970114,2.8,2.8,2.8,2.8,1000
19970115,2.6,2.9,2.6,2.9,16400
19970116,3,3,2.7,2.8,10200
19970117,2.8,2.9,2.8,2.9,21600
19970120,2.7,2.9,2.7,2.9,7300
19970122,2.7,2.7,2.7,2.7,23100
19970123,2.8,2.8,2.6,2.8,34900
19970124,2.6,2.6,2.6,2.6,700
19970128,2.8,2.8,2.6,2.7,30300
19970129,2.6,2.7,2.6,2.7,4000
19970130,2.5,2.6,2.5,2.6,8800
19970131,2.6,2.6,2.4,2.4,32000
19970203,2.2,2.2,2.2,2.2,63000
19970204,2,2.3,2,2.1,52200
19970205,1.9,2,1.9,2,28000
19970206,2,2.1,2,2.1,1300
19970207,2.2,2.3,2.2,2.3,4100
19970214,2.1,2.1,2.1,2.1,15000
19970217,1.9,1.9,1.9,1.9,4700
19970218,1.9,1.9,1.9,1.9,500
19970224,2,2,2,2,100
19970225,2.2,2.2,2.2,2.2,29800
19970226,2.3,2.4,2,2.4,81965
19970227,2.3,2.5,2.3,2.3,26064
19970228,2.1,2.3,2.1,2.3,5300
19970304,2.1,2.3,2.1,2.3,3100
19970305,2.1,2.4,2.1,2.3,14000
19970306,2.1,2.1,2.1,2.1,1300
19970307,1.9,2,1.9,2,25000
19970310,1.9,2,1.9,2,17000
19970311,1.9,1.9,1.9,1.9,3000
19970312,1.8,1.9,1.8,1.9,37000
19970314,1.8,2,1.8,2,27600
19970319,1.8,1.8,1.8,1.8,31300
19970320,1.7,1.7,1.7,1.7,4000
19970321,1.7,1.7,1.6,1.6,5100
19970324,1.5,1.7,1.5,1.7,2200
19970325,1.7,1.7,1.6,1.6,28500
19970326,1.6,1.6,1.5,1.6,16600
19970327,1.5,1.5,1.5,1.5,1000
19970328,1.4,1.6,1.4,1.6,123100
19970331,1.7,1.7,1.7,1.7,1000
19970402,1.6,1.6,1.6,1.6,5000
19970404,1.5,1.7,1.5,1.7,21600
19970416,1.6,1.6,1.6,1.6,21000
19970417,1.5,1.6,1.5,1.6,16000
19970418,1.5,1.6,1.5,1.6,17000
19970422,1.5,1.6,1.5,1.6,11100
19970423,1.5,1.7,1.5,1.7,41200
19970424,1.7,1.8,1.7,1.8,44600
19970425,1.9,1.9,1.9,1.9,17000
19970428,2,2,2,2,30900
19970429,2.2,2.2,2.2,2.2,13900
19970430,2.4,2.4,2.4,2.4,18600
19970502,2.6,2.6,2.6,2.6,15900
19970506,2.8,2.8,2.7,2.7,100100
19970507,2.9,2.9,2.5,2.5,132300
19970508,2.3,2.3,2.3,2.3,23000
19970509,2.1,2.1,2.1,2.1,51200
19970512,1.9,2.1,1.9,2.1,12000
19970513,2.2,2.2,2.2,2.2,7803
19970514,2.1,2.1,2,2,19400
19970515,1.8,2.2,1.8,2.2,10000
19970516,2,2.2,2,2.2,5800
19970519,2.1,2.1,2.1,2.1,9000
19970521,2,2.3,2,2.3,68500
19970522,2.1,2.4,2.1,2.4,2600
19970611,2.2,2.5,2.2,2.5,141400
19970612,2.3,2.3,2.3,2.3,132200
19970613,2.1,2.1,2.1,2.1,15000
19970617,1.9,1.9,1.9,1.9,16000
19970618,1.8,1.8,1.8,1.8,33000
19970620,1.7,1.7,1.7,1.7,75000
19970623,1.6,1.6,1.6,1.6,76800
19970624,1.6,1.7,1.6,1.7,36200
19970625,1.6,1.7,1.6,1.7,8000
19970626,1.8,1.8,1.8,1.8,1100
19970702,1.7,1.9,1.7,1.9,46300
19970703,2,2,2,2,34900
19970704,2.1,2.1,2,2,39000
19970707,1.8,2.2,1.8,1.8,45000
19970708,1.9,1.9,1.9,1.9,9100
19970709,2,2,2,2,20500
19970710,2.2,2.2,2.1,2.1,18500
19970711,2.2,2.3,2.2,2.2,38800
19970714,2.4,2.4,2.2,2.2,2500
19970715,2.3,2.4,2.3,2.4,20000
19970716,2.5,2.5,2.4,2.5,46066
19970717,2.3,2.3,2.3,2.3,19500
19970718,2.1,2.1,2.1,2.1,20000
19970722,1.9,2.3,1.9,2.3,16000
19970724,2.5,2.5,2.5,2.5,61600
19970725,2.7,2.7,2.7,2.7,57765
19970728,2.9,2.9,2.9,2.9,83000
19970729,3.1,3.1,3.1,3.1,42800
19970730,3.4,3.4,3.3,3.4,360700
19970731,3.6,3.6,3.2,3.3,160400
19970801,3.3,3.6,3.3,3.4,166300
19970804,3.4,3.6,3.4,3.6,8400
19970805,3.9,3.9,3.3,3.3,118500
19970806,3,3,3,3,18700
19970807,3.2,3.3,3.2,3.3,16868
19970808,3.6,3.6,3.4,3.6,16000
19970811,3.4,3.8,3.4,3.8,13400
19970813,3.5,3.8,3.5,3.8,9600
19970814,3.5,3.5,3.5,3.5,3000
19970815,3.3,3.8,3.3,3.8,62600
19970818,3.8,3.8,3.5,3.5,47700
19970819,3.3,3.4,3.2,3.4,15000
19970820,3.3,3.3,3.2,3.2,11500
19970822,3.2,3.2,3,3,9800
19970825,3,3,2.7,2.7,8800
19970826,2.7,2.7,2.7,2.7,7000
19970828,2.9,2.9,2.5,2.9,16900
19970901,3,3,3,3,1000
19970905,2.7,2.7,2.7,2.7,1900
19970908,2.9,2.9,2.9,2.9,17400
19970909,2.9,2.9,2.9,2.9,4000
19970922,2.9,2.9,2.9,2.9,6000
19970924,2.7,2.7,2.7,2.7,100
19970925,2.5,2.7,2.5,2.6,18000
19970929,2.4,2.6,2.4,2.6,900
19970930,2.7,2.7,2.4,2.4,15200
19971001,2.5,2.5,2.5,2.5,4900
19971002,2.7,2.7,2.7,2.7,4000
19971003,2.6,2.9,2.6,2.9,10500
19971007,2.7,2.7,2.7,2.7,10000
19971010,2.7,2.7,2.5,2.5,15000
19971013,2.5,2.5,2.5,2.5,2000
19971014,2.7,2.7,2.7,2.7,3000
19971015,2.9,2.9,2.8,2.9,14000
19971016,2.8,2.8,2.8,2.8,4000
19971017,2.7,2.7,2.7,2.7,25000
19971020,2.8,2.8,2.8,2.8,4000
19971021,2.7,2.9,2.7,2.8,17200
19971024,2.8,2.8,2.7,2.7,12000
19971027,2.6,2.6,2.6,2.6,11300
19971030,2.6,2.6,2.6,2.6,7600
19971031,2.4,2.4,2.4,2.4,20000
19971103,2.4,2.5,2.4,2.4,33100
19971110,2.6,2.6,2.4,2.4,5100
19971121,2.2,2.2,2.2,2.2,3000
19971126,2,2,2,2,8200
19971127,1.8,1.8,1.8,1.8,4800
19971128,1.7,1.7,1.7,1.7,6100
19971201,1.7,1.7,1.7,1.7,6000
19971203,1.2,1.2,1.2,1.2,2000
19971204,0.9,0.9,0.9,0.9,7200
19971208,0.3,1.2,0.3,1.2,50300
19971211,1.5,1.5,1.5,1.5,200
19971218,1.1,1.1,1.1,1.1,1000
19971219,1.1,1.1,1.1,1.1,50000
19971222,1.2,1.2,1.2,1.2,9000
19971224,1.2,1.5,1.2,1.5,200
19971225,1.2,1.2,1.2,1.2,10001
19971230,1.5,1.5,1.5,1.5,100
19980105,1.9,1.9,1.9,1.9,1000
19980106,2.1,2.2,2.1,2.2,14000
19980107,2.3,2.8,1.6,1.8,54400
19980108,2,2.3,2,2.3,56500
19980112,2.4,2.9,2.4,2.9,154400
19980113,3,3.7,2.9,3.7,605200
19980114,4.1,4.3,3.8,3.8,249100
19980115,3.6,3.9,3.4,3.4,101700
19980116,3.5,3.5,3,3.4,57000
19980119,2.9,2.9,2.8,2.8,33000
19980120,3,3.3,2.8,2.9,57200
19980121,2.9,3.5,2.9,3.3,74900
19980122,3.3,3.3,3.1,3.1,120400
19980123,3.2,3.7,3.2,3.6,196000
19980126,3.6,3.6,3.3,3.3,43000
19980129,3.2,3.8,3.2,3.6,88600
19980130,3.8,3.8,3.4,3.6,35000
19980202,3.6,4.1,3.6,3.9,395700
19980203,3.8,4,3.6,3.7,242500
19980204,3.9,4.5,3.7,3.7,349200
19980205,4,4.8,4,4.6,347200
19980206,4.8,5,4.4,4.7,254500
19980209,4.9,5.8,4.8,5.6,956700
19980210,5.6,5.7,4.6,5.1,348500
19980212,5,5.1,4.2,4.5,234300
19980213,4.5,4.7,4,4,130100
19980216,4.2,4.3,4,4.3,72100
19980217,4.3,4.5,3.9,4.2,143600
19980218,4.2,4.4,4,4.1,106600
19980219,4.2,5.3,4.2,5.3,1222200
19980220,6.2,6.8,5.9,6.6,2286600
19980223,6.8,7,6.3,6.3,1149400
19980224,6.5,6.9,6.2,6.5,712400
19980225,6.7,6.9,6.5,6.7,531600
19980226,6.7,6.7,6.3,6.3,207100
19980227,6.2,6.6,6,6,157400
19980302,6.4,6.5,6,6.1,202400
19980303,5.8,5.8,5.4,5.5,134900
19980304,4.8,5.5,4.7,5.3,124500
19980305,5,5.3,4.7,4.7,147300
19980306,4.7,5,4.5,4.8,200200
19980310,3.4,3.4,3.4,3.4,23000
19980311,2.4,2.4,2.4,2.4,21500
19980312,1.7,1.8,1.7,1.7,1612800
19980313,1.9,2.1,1.8,2.1,1004800
19980316,2,2.2,1.8,1.8,442000
19980317,1.8,2,1.7,1.9,76900
19980318,1.8,2,1.7,2,214600
19980319,1.9,2.1,1.8,2,245100
19980320,2.2,2.3,2.1,2.2,863430
19980323,2.3,2.3,2.1,2.1,231000
19980324,2,2.1,1.9,2.1,83100
19980325,2,2.1,1.9,1.9,112000
19980326,1.9,1.9,1.7,1.9,164500
19980327,1.9,2,1.9,2,80000
19980330,1.9,1.9,1.7,1.8,172500
19980331,1.6,1.7,1.6,1.7,77000
19980401,1.7,1.7,1.4,1.4,157300
19980402,1.5,1.5,1.1,1.2,395301
19980403,1.2,1.2,1,1,488000
19980407,0.9,1,0.8,0.9,386000
19980408,0.9,1.2,0.9,1,465300
